STATIONS_ID ; Stationsname; Stationshoehe; Geogr.Breite; Geogr.Laenge; MESS_DATUM; QN_8;  R1;RS_IND;WRTR;eor
         853;     Chemnitz;           418;      50.7913;     12.8720; 2019010912;    3; 0.5;     1;-999;eor
	 633;     Boxberg ;           126;      51.4041;     14.5681; 2019010912;    3; 0.7;     1;-999;eor
	1051;     Strehlen;           120;      51.0248;     13.7750; 2019010912;    3; 0.8;     1;-999;eor
	2627;    Klettwitz;           128;      51.5554;     13.8845; 2019010912;    3; 0.3;     1;-999;eor
	7335;      Strauch;           138;      51.3658;     13.5801; 2019010912;    3; 0.6;     1;-999;eor
	1441;     Freiberg;           416;      50.9263;     13.2711; 2019010912;    3; 0.8;     1;-999;eor
	4982;   Tannenberg;           532;      50.6074;     12.9390; 2019010912;    3; 1.4;     1;-999;eor
	7329;       Treuen;           465;      50.5467;     12.2863; 2019010912;    3; 1.0;     1;-999;eor
	3279;   Meuselwitz;           173;      51.0452;     12.2989; 2019010912;    3; 1.0;     1;-999;eor
	2928;      Leipzig;           138;      51.3151;     12.4462; 2019010912;    3; 0.3;     1;-999;eor
	2641;   Klitzschen;            85;      51.5185;     12.9065; 2019010912;    3; 0.6;     1;-999;eor
	2704;      Koethen;            76;      51.7511;     12.0094; 2019010912;    3; 0.2;     1;-999;eor
	3445;     Naundorf;           100;      51.9245;     12.8888; 2019010912;    3; 0.6;     1;-999;eor
	5555;       Thyrow;            43;      52.2534;     13.2361; 2019010912;    3; 0.0;     0;-999;eor
	3083;      Luebben;            57;      51.9267;     13.8797; 2019010912;    3; 0.0;     0;-999;eor
	 880;      Cottbus;            69;      51.7760;     14.3168; 2019010912;    3; 0.3;     1;-999;eor
	2278;   Hohenbucko;           131;      51.7640;     13.4700; 2019010912;    3; 0.0;     1;-999;eor
	6170;      Coschen;            40;      52.0192;     14.7254; 2019010912;    3; 0.1;     1;-999;eor
	 131; Altgeringsw.;           296;      51.0881;     12.9326; 2019010912;    3; 1.2;     1;-999;eor
	4052;        Radis;            94;      51.7556;     12.5103; 2019010912;    3; 0.7;     1;-999;eor
	 303;       Baruth;            55;      52.0614;     13.4996; 2019010912;    3; 0.0;     1;-999;eor