ncols         35
nrows         21
xllcorner     90.5
yllcorner     25
cellsize      0.5
NODATA_value  -9999
-9999 3 3 3 3 3 4 5 5 5 -9999 -9999 -9999 -9999 -9999 -9999 -9999 -9999 -9999 -9999 -9999 -9999 -9999 -9999 -9999 -9999 -9999 -9999 -9999 -9999 -9999 -9999 -9999 -9999 -9999
-9999 1 1 5 1 1 3 3 4 5 5 -9999 -9999 -9999 -9999 -9999 -9999 -9999 -9999 -9999 -9999 -9999 -9999 -9999 -9999 -9999 -9999 -9999 -9999 -9999 -9999 -9999 -9999 -9999 -9999
3 3 3 3 3 3 2 1 1 3 4 5 4 -9999 -9999 -9999 -9999 -9999 -9999 -9999 -9999 -9999 -9999 -9999 -9999 -9999 5 -9999 4 4 5 5 6 -9999 -9999
-9999 1 1 1 8 1 1 1 1 1 1 3 5 4 5 5 -9999 -9999 -9999 -9999 -9999 -9999 -9999 -9999 -9999 4 5 4 3 4 4 5 7 -9999 -9999
-9999 -9999 1 1 1 8 1 -9999 -9999 -9999 -9999 1 3 4 3 5 5 -9999 -9999 3 4 -9999 -9999 -9999 -9999 -9999 5 4 5 4 3 6 -9999 -9999 -9999
-9999 -9999 -9999 1 -9999 1 8 7 -9999 -9999 -9999 -9999 -9999 1 4 3 3 5 3 3 4 4 5 -9999 -9999 3 5 4 5 3 5 5 5 7 -9999
-9999 -9999 -9999 -9999 -9999 -9999 -9999 -9999 -9999 -9999 -9999 -9999 -9999 -9999 -9999 5 3 4 5 3 3 3 5 -9999 4 3 5 3 5 3 5 5 5 6 6
-9999 -9999 -9999 -9999 -9999 -9999 -9999 -9999 -9999 -9999 -9999 -9999 -9999 -9999 -9999 3 5 7 4 5 3 3 5 6 3 3 5 3 4 3 4 5 5 6 6
-9999 -9999 -9999 -9999 -9999 -9999 -9999 -9999 -9999 -9999 -9999 -9999 -9999 -9999 3 3 5 7 3 5 5 3 5 7 3 3 5 5 4 3 3 5 5 7 -9999
-9999 -9999 -9999 -9999 -9999 -9999 -9999 -9999 -9999 -9999 -9999 -9999 -9999 -9999 -9999 1 5 7 3 4 5 5 4 7 5 3 5 4 5 4 3 5 6 -9999 -9999
-9999 -9999 -9999 -9999 -9999 -9999 -9999 -9999 -9999 -9999 -9999 -9999 -9999 -9999 -9999 -9999 5 7 5 3 4 5 3 5 5 3 5 3 5 3 3 5 7 -9999 -9999
-9999 -9999 -9999 -9999 -9999 -9999 -9999 -9999 -9999 -9999 -9999 -9999 -9999 -9999 -9999 -9999 4 5 5 3 3 5 3 5 5 3 4 3 5 5 5 5 -9999 -9999 -9999
-9999 -9999 -9999 -9999 -9999 -9999 -9999 -9999 -9999 -9999 -9999 -9999 -9999 -9999 -9999 -9999 -9999 5 5 4 3 5 3 3 3 3 3 5 5 5 5 3 -9999 -9999 -9999
-9999 -9999 -9999 -9999 -9999 -9999 -9999 -9999 -9999 -9999 -9999 -9999 -9999 -9999 -9999 -9999 -9999 5 5 3 3 5 5 5 1 3 3 3 3 3 2 7 7 7 -9999
-9999 -9999 -9999 -9999 -9999 -9999 -9999 -9999 -9999 -9999 -9999 -9999 -9999 -9999 -9999 -9999 -9999 5 5 5 3 3 5 6 5 3 1 1 1 1 1 1 7 -9999 -9999
-9999 -9999 -9999 -9999 -9999 -9999 -9999 -9999 -9999 -9999 -9999 -9999 -9999 -9999 -9999 -9999 -9999 4 5 3 5 3 5 5 5 1 1 1 1 1 1 1 -9999 -9999 -9999
-9999 -9999 -9999 -9999 -9999 -9999 -9999 -9999 -9999 -9999 -9999 -9999 -9999 -9999 -9999 -9999 -9999 -9999 3 1 6 3 5 5 2 1 1 1 -9999 -9999 1 -9999 -9999 -9999 -9999
-9999 -9999 -9999 -9999 -9999 -9999 -9999 -9999 -9999 -9999 -9999 -9999 -9999 -9999 -9999 -9999 -9999 -9999 1 5 3 3 5 5 1 1 1 -9999 -9999 -9999 -9999 -9999 -9999 -9999 -9999
-9999 -9999 -9999 -9999 -9999 -9999 -9999 -9999 -9999 -9999 -9999 -9999 -9999 -9999 -9999 -9999 -9999 -9999 -9999 3 3 2 3 3 1 1 1 -9999 -9999 -9999 -9999 -9999 -9999 -9999 -9999
-9999 -9999 -9999 -9999 -9999 -9999 -9999 -9999 -9999 -9999 -9999 -9999 -9999 -9999 -9999 -9999 -9999 -9999 -9999 -9999 1 1 1 1 1 1 -9999 -9999 -9999 -9999 -9999 -9999 -9999 -9999 -9999
-9999 -9999 -9999 -9999 -9999 -9999 -9999 -9999 -9999 -9999 -9999 -9999 -9999 -9999 -9999 -9999 -9999 -9999 -9999 -9999 -9999 -9999 1 -9999 -9999 -9999 -9999 -9999 -9999 -9999 -9999 -9999 -9999 -9999 -9999
