ncols         35
nrows         21
xllcorner     90.5
yllcorner     25
cellsize      0.5
NODATA_value  -9999
-9999 2 6 11 17 22 28 34 39 43 -9999 -9999 -9999 -9999 -9999 -9999 -9999 -9999 -9999 -9999 -9999 -9999 -9999 -9999 -9999 -9999 -9999 -9999 -9999 -9999 -9999 -9999 -9999 -9999 -9999 
-9999 3 7 12 18 23 29 35 40 44 47 -9999 -9999 -9999 -9999 -9999 -9999 -9999 -9999 -9999 -9999 -9999 -9999 -9999 -9999 -9999 -9999 -9999 -9999 -9999 -9999 -9999 -9999 -9999 -9999 
1 4 8 13 19 24 30 36 41 45 48 50 53 -9999 -9999 -9999 -9999 -9999 -9999 -9999 -9999 -9999 -9999 -9999 -9999 -9999 207 -9999 238 252 266 281 295 -9999 -9999 
-9999 5 9 14 20 25 31 37 42 46 49 51 54 56 59 63 -9999 -9999 -9999 -9999 -9999 -9999 -9999 -9999 -9999 191 208 224 239 253 267 282 296 -9999 -9999 
-9999 -9999 10 15 21 26 32 -9999 -9999 -9999 -9999 52 55 57 60 64 70 -9999 -9999 102 117 -9999 -9999 -9999 -9999 -9999 209 225 240 254 268 283 -9999 -9999 -9999 
-9999 -9999 -9999 16 -9999 27 33 38 -9999 -9999 -9999 -9999 -9999 58 61 65 71 78 89 103 118 133 148 -9999 -9999 192 210 226 241 255 269 284 297 305 -9999 
-9999 -9999 -9999 -9999 -9999 -9999 -9999 -9999 -9999 -9999 -9999 -9999 -9999 -9999 -9999 66 72 79 90 104 119 134 149 -9999 177 193 211 227 242 256 270 285 298 306 310 
-9999 -9999 -9999 -9999 -9999 -9999 -9999 -9999 -9999 -9999 -9999 -9999 -9999 -9999 -9999 67 73 80 91 105 120 135 150 164 178 194 212 228 243 257 271 286 299 307 311 
-9999 -9999 -9999 -9999 -9999 -9999 -9999 -9999 -9999 -9999 -9999 -9999 -9999 -9999 62 68 74 81 92 106 121 136 151 165 179 195 213 229 244 258 272 287 300 308 -9999 
-9999 -9999 -9999 -9999 -9999 -9999 -9999 -9999 -9999 -9999 -9999 -9999 -9999 -9999 -9999 69 75 82 93 107 122 137 152 166 180 196 214 230 245 259 273 288 301 -9999 -9999 
-9999 -9999 -9999 -9999 -9999 -9999 -9999 -9999 -9999 -9999 -9999 -9999 -9999 -9999 -9999 -9999 76 83 94 108 123 138 153 167 181 197 215 231 246 260 274 289 302 -9999 -9999 
-9999 -9999 -9999 -9999 -9999 -9999 -9999 -9999 -9999 -9999 -9999 -9999 -9999 -9999 -9999 -9999 77 84 95 109 124 139 154 168 182 198 216 232 247 261 275 290 -9999 -9999 -9999 
-9999 -9999 -9999 -9999 -9999 -9999 -9999 -9999 -9999 -9999 -9999 -9999 -9999 -9999 -9999 -9999 -9999 85 96 110 125 140 155 169 183 199 217 233 248 262 276 291 -9999 -9999 -9999 
-9999 -9999 -9999 -9999 -9999 -9999 -9999 -9999 -9999 -9999 -9999 -9999 -9999 -9999 -9999 -9999 -9999 86 97 111 126 141 156 170 184 200 218 234 249 263 277 292 303 309 -9999 
-9999 -9999 -9999 -9999 -9999 -9999 -9999 -9999 -9999 -9999 -9999 -9999 -9999 -9999 -9999 -9999 -9999 87 98 112 127 142 157 171 185 201 219 235 250 264 278 293 304 -9999 -9999 
-9999 -9999 -9999 -9999 -9999 -9999 -9999 -9999 -9999 -9999 -9999 -9999 -9999 -9999 -9999 -9999 -9999 88 99 113 128 143 158 172 186 202 220 236 251 265 279 294 -9999 -9999 -9999 
-9999 -9999 -9999 -9999 -9999 -9999 -9999 -9999 -9999 -9999 -9999 -9999 -9999 -9999 -9999 -9999 -9999 -9999 100 114 129 144 159 173 187 203 221 237 -9999 -9999 280 -9999 -9999 -9999 -9999 
-9999 -9999 -9999 -9999 -9999 -9999 -9999 -9999 -9999 -9999 -9999 -9999 -9999 -9999 -9999 -9999 -9999 -9999 101 115 130 145 160 174 188 204 222 -9999 -9999 -9999 -9999 -9999 -9999 -9999 -9999 
-9999 -9999 -9999 -9999 -9999 -9999 -9999 -9999 -9999 -9999 -9999 -9999 -9999 -9999 -9999 -9999 -9999 -9999 -9999 116 131 146 161 175 189 205 223 -9999 -9999 -9999 -9999 -9999 -9999 -9999 -9999 
-9999 -9999 -9999 -9999 -9999 -9999 -9999 -9999 -9999 -9999 -9999 -9999 -9999 -9999 -9999 -9999 -9999 -9999 -9999 -9999 132 147 162 176 190 206 -9999 -9999 -9999 -9999 -9999 -9999 -9999 -9999 -9999 
-9999 -9999 -9999 -9999 -9999 -9999 -9999 -9999 -9999 -9999 -9999 -9999 -9999 -9999 -9999 -9999 -9999 -9999 -9999 -9999 -9999 -9999 163 -9999 -9999 -9999 -9999 -9999 -9999 -9999 -9999 -9999 -9999 -9999 -9999 
