ID	Latitude	Longitude
1	34.25000000000	90.75000000000
2	35.25000000000	91.25000000000
3	34.75000000000	91.25000000000
4	34.25000000000	91.25000000000
5	33.75000000000	91.25000000000
6	35.25000000000	91.75000000000
7	34.75000000000	91.75000000000
8	34.25000000000	91.75000000000
9	33.75000000000	91.75000000000
10	33.25000000000	91.75000000000
11	35.25000000000	92.25000000000
12	34.75000000000	92.25000000000
13	34.25000000000	92.25000000000
14	33.75000000000	92.25000000000
15	33.25000000000	92.25000000000
16	32.75000000000	92.25000000000
17	35.25000000000	92.75000000000
18	34.75000000000	92.75000000000
19	34.25000000000	92.75000000000
20	33.75000000000	92.75000000000
21	33.25000000000	92.75000000000
22	35.25000000000	93.25000000000
23	34.75000000000	93.25000000000
24	34.25000000000	93.25000000000
25	33.75000000000	93.25000000000
26	33.25000000000	93.25000000000
27	32.75000000000	93.25000000000
28	35.25000000000	93.75000000000
29	34.75000000000	93.75000000000
30	34.25000000000	93.75000000000
31	33.75000000000	93.75000000000
32	33.25000000000	93.75000000000
33	32.75000000000	93.75000000000
34	35.25000000000	94.25000000000
35	34.75000000000	94.25000000000
36	34.25000000000	94.25000000000
37	33.75000000000	94.25000000000
38	32.75000000000	94.25000000000
39	35.25000000000	94.75000000000
40	34.75000000000	94.75000000000
41	34.25000000000	94.75000000000
42	33.75000000000	94.75000000000
43	35.25000000000	95.25000000000
44	34.75000000000	95.25000000000
45	34.25000000000	95.25000000000
46	33.75000000000	95.25000000000
47	34.75000000000	95.75000000000
48	34.25000000000	95.75000000000
49	33.75000000000	95.75000000000
50	34.25000000000	96.25000000000
51	33.75000000000	96.25000000000
52	33.25000000000	96.25000000000
53	34.25000000000	96.75000000000
54	33.75000000000	96.75000000000
55	33.25000000000	96.75000000000
56	33.75000000000	97.25000000000
57	33.25000000000	97.25000000000
58	32.75000000000	97.25000000000
59	33.75000000000	97.75000000000
60	33.25000000000	97.75000000000
61	32.75000000000	97.75000000000
62	31.25000000000	97.75000000000
63	33.75000000000	98.25000000000
64	33.25000000000	98.25000000000
65	32.75000000000	98.25000000000
66	32.25000000000	98.25000000000
67	31.75000000000	98.25000000000
68	31.25000000000	98.25000000000
69	30.75000000000	98.25000000000
70	33.25000000000	98.75000000000
71	32.75000000000	98.75000000000
72	32.25000000000	98.75000000000
73	31.75000000000	98.75000000000
74	31.25000000000	98.75000000000
75	30.75000000000	98.75000000000
76	30.25000000000	98.75000000000
77	29.75000000000	98.75000000000
78	32.75000000000	99.25000000000
79	32.25000000000	99.25000000000
80	31.75000000000	99.25000000000
81	31.25000000000	99.25000000000
82	30.75000000000	99.25000000000
83	30.25000000000	99.25000000000
84	29.75000000000	99.25000000000
85	29.25000000000	99.25000000000
86	28.75000000000	99.25000000000
87	28.25000000000	99.25000000000
88	27.75000000000	99.25000000000
89	32.75000000000	99.75000000000
90	32.25000000000	99.75000000000
91	31.75000000000	99.75000000000
92	31.25000000000	99.75000000000
93	30.75000000000	99.75000000000
94	30.25000000000	99.75000000000
95	29.75000000000	99.75000000000
96	29.25000000000	99.75000000000
97	28.75000000000	99.75000000000
98	28.25000000000	99.75000000000
99	27.75000000000	99.75000000000
100	27.25000000000	99.75000000000
101	26.75000000000	99.75000000000
102	33.25000000000	100.25000000000
103	32.75000000000	100.25000000000
104	32.25000000000	100.25000000000
105	31.75000000000	100.25000000000
106	31.25000000000	100.25000000000
107	30.75000000000	100.25000000000
108	30.25000000000	100.25000000000
109	29.75000000000	100.25000000000
110	29.25000000000	100.25000000000
111	28.75000000000	100.25000000000
112	28.25000000000	100.25000000000
113	27.75000000000	100.25000000000
114	27.25000000000	100.25000000000
115	26.75000000000	100.25000000000
116	26.25000000000	100.25000000000
117	33.25000000000	100.75000000000
118	32.75000000000	100.75000000000
119	32.25000000000	100.75000000000
120	31.75000000000	100.75000000000
121	31.25000000000	100.75000000000
122	30.75000000000	100.75000000000
123	30.25000000000	100.75000000000
124	29.75000000000	100.75000000000
125	29.25000000000	100.75000000000
126	28.75000000000	100.75000000000
127	28.25000000000	100.75000000000
128	27.75000000000	100.75000000000
129	27.25000000000	100.75000000000
130	26.75000000000	100.75000000000
131	26.25000000000	100.75000000000
132	25.75000000000	100.75000000000
133	32.75000000000	101.25000000000
134	32.25000000000	101.25000000000
135	31.75000000000	101.25000000000
136	31.25000000000	101.25000000000
137	30.75000000000	101.25000000000
138	30.25000000000	101.25000000000
139	29.75000000000	101.25000000000
140	29.25000000000	101.25000000000
141	28.75000000000	101.25000000000
142	28.25000000000	101.25000000000
143	27.75000000000	101.25000000000
144	27.25000000000	101.25000000000
145	26.75000000000	101.25000000000
146	26.25000000000	101.25000000000
147	25.75000000000	101.25000000000
148	32.75000000000	101.75000000000
149	32.25000000000	101.75000000000
150	31.75000000000	101.75000000000
151	31.25000000000	101.75000000000
152	30.75000000000	101.75000000000
153	30.25000000000	101.75000000000
154	29.75000000000	101.75000000000
155	29.25000000000	101.75000000000
156	28.75000000000	101.75000000000
157	28.25000000000	101.75000000000
158	27.75000000000	101.75000000000
159	27.25000000000	101.75000000000
160	26.75000000000	101.75000000000
161	26.25000000000	101.75000000000
162	25.75000000000	101.75000000000
163	25.25000000000	101.75000000000
164	31.75000000000	102.25000000000
165	31.25000000000	102.25000000000
166	30.75000000000	102.25000000000
167	30.25000000000	102.25000000000
168	29.75000000000	102.25000000000
169	29.25000000000	102.25000000000
170	28.75000000000	102.25000000000
171	28.25000000000	102.25000000000
172	27.75000000000	102.25000000000
173	27.25000000000	102.25000000000
174	26.75000000000	102.25000000000
175	26.25000000000	102.25000000000
176	25.75000000000	102.25000000000
177	32.25000000000	102.75000000000
178	31.75000000000	102.75000000000
179	31.25000000000	102.75000000000
180	30.75000000000	102.75000000000
181	30.25000000000	102.75000000000
182	29.75000000000	102.75000000000
183	29.25000000000	102.75000000000
184	28.75000000000	102.75000000000
185	28.25000000000	102.75000000000
186	27.75000000000	102.75000000000
187	27.25000000000	102.75000000000
188	26.75000000000	102.75000000000
189	26.25000000000	102.75000000000
190	25.75000000000	102.75000000000
191	33.75000000000	103.25000000000
192	32.75000000000	103.25000000000
193	32.25000000000	103.25000000000
194	31.75000000000	103.25000000000
195	31.25000000000	103.25000000000
196	30.75000000000	103.25000000000
197	30.25000000000	103.25000000000
198	29.75000000000	103.25000000000
199	29.25000000000	103.25000000000
200	28.75000000000	103.25000000000
201	28.25000000000	103.25000000000
202	27.75000000000	103.25000000000
203	27.25000000000	103.25000000000
204	26.75000000000	103.25000000000
205	26.25000000000	103.25000000000
206	25.75000000000	103.25000000000
207	34.25000000000	103.75000000000
208	33.75000000000	103.75000000000
209	33.25000000000	103.75000000000
210	32.75000000000	103.75000000000
211	32.25000000000	103.75000000000
212	31.75000000000	103.75000000000
213	31.25000000000	103.75000000000
214	30.75000000000	103.75000000000
215	30.25000000000	103.75000000000
216	29.75000000000	103.75000000000
217	29.25000000000	103.75000000000
218	28.75000000000	103.75000000000
219	28.25000000000	103.75000000000
220	27.75000000000	103.75000000000
221	27.25000000000	103.75000000000
222	26.75000000000	103.75000000000
223	26.25000000000	103.75000000000
224	33.75000000000	104.25000000000
225	33.25000000000	104.25000000000
226	32.75000000000	104.25000000000
227	32.25000000000	104.25000000000
228	31.75000000000	104.25000000000
229	31.25000000000	104.25000000000
230	30.75000000000	104.25000000000
231	30.25000000000	104.25000000000
232	29.75000000000	104.25000000000
233	29.25000000000	104.25000000000
234	28.75000000000	104.25000000000
235	28.25000000000	104.25000000000
236	27.75000000000	104.25000000000
237	27.25000000000	104.25000000000
238	34.25000000000	104.75000000000
239	33.75000000000	104.75000000000
240	33.25000000000	104.75000000000
241	32.75000000000	104.75000000000
242	32.25000000000	104.75000000000
243	31.75000000000	104.75000000000
244	31.25000000000	104.75000000000
245	30.75000000000	104.75000000000
246	30.25000000000	104.75000000000
247	29.75000000000	104.75000000000
248	29.25000000000	104.75000000000
249	28.75000000000	104.75000000000
250	28.25000000000	104.75000000000
251	27.75000000000	104.75000000000
252	34.25000000000	105.25000000000
253	33.75000000000	105.25000000000
254	33.25000000000	105.25000000000
255	32.75000000000	105.25000000000
256	32.25000000000	105.25000000000
257	31.75000000000	105.25000000000
258	31.25000000000	105.25000000000
259	30.75000000000	105.25000000000
260	30.25000000000	105.25000000000
261	29.75000000000	105.25000000000
262	29.25000000000	105.25000000000
263	28.75000000000	105.25000000000
264	28.25000000000	105.25000000000
265	27.75000000000	105.25000000000
266	34.25000000000	105.75000000000
267	33.75000000000	105.75000000000
268	33.25000000000	105.75000000000
269	32.75000000000	105.75000000000
270	32.25000000000	105.75000000000
271	31.75000000000	105.75000000000
272	31.25000000000	105.75000000000
273	30.75000000000	105.75000000000
274	30.25000000000	105.75000000000
275	29.75000000000	105.75000000000
276	29.25000000000	105.75000000000
277	28.75000000000	105.75000000000
278	28.25000000000	105.75000000000
279	27.75000000000	105.75000000000
280	27.25000000000	105.75000000000
281	34.25000000000	106.25000000000
282	33.75000000000	106.25000000000
283	33.25000000000	106.25000000000
284	32.75000000000	106.25000000000
285	32.25000000000	106.25000000000
286	31.75000000000	106.25000000000
287	31.25000000000	106.25000000000
288	30.75000000000	106.25000000000
289	30.25000000000	106.25000000000
290	29.75000000000	106.25000000000
291	29.25000000000	106.25000000000
292	28.75000000000	106.25000000000
293	28.25000000000	106.25000000000
294	27.75000000000	106.25000000000
295	34.25000000000	106.75000000000
296	33.75000000000	106.75000000000
297	32.75000000000	106.75000000000
298	32.25000000000	106.75000000000
299	31.75000000000	106.75000000000
300	31.25000000000	106.75000000000
301	30.75000000000	106.75000000000
302	30.25000000000	106.75000000000
303	28.75000000000	106.75000000000
304	28.25000000000	106.75000000000
305	32.75000000000	107.25000000000
306	32.25000000000	107.25000000000
307	31.75000000000	107.25000000000
308	31.25000000000	107.25000000000
309	28.75000000000	107.25000000000
310	32.25000000000	107.75000000000
311	31.75000000000	107.75000000000
