3600
3470
3310
3300
3400
3440
3360
3300
3260
3120
3070
3090
3060
3060
3070
3090
3080
3050
2990
2930
2910
2910
2910
2860
2820
2790
2640
2570
2570
2590
2720
2730
2760
2770
2740
2780
2840
2790
2770
2720
2700
2590
2560
2520
2540
2570
2630
2540
2520
2720
2610
2490
2450
2430
2410
2330
2330
2350
2330
2330
2340
2390
2360
2300
2310
2360
2440
2430
2450
2450
2460
2400
2290
2330
2440
2620
2690
2620
2540
2530
2660
2790
2970
3170
3150
3020
2780
2610
2550
2520
2470
2470
2390
2380
2480
2560
2510
2450
2460
2490
2540
2570
2700
2760
2780
2770
2810
3070
3260
3150
3070
3100
3210
3380
3490
3700
4070
4070
3990
3940
4000
4100
4480
5060
5030
5160
5590
5590
5960
6050
5790
5440
5270
5290
5710
6180
6290
6270
6180
6300
6080
5670
5660
5920
5910
5630
5500
5340
5200
5080
4940
4960
4900
5030
6000
8390
11000
11300
9250
8020
7190
7120
7280
7340
6690
5970
5640
5680
5920
5810
6180
6830
7340
8870
10100
9800
13400
13100
12000
11200
11500
11000
10300
10100
10400
12500
13900
13800
14100
13300
12900
12800
13200
14100
14100
15300
17500
29900
25100
17200
13300
12700
14600
13600
12000
12300
16700
20500
23200
30700
33000
30500
30500
31700
35000
32600
37600
33100
26100
23000
21500
19500
17400
16700
15400
14700
19100
20300
17900
18900
22100
20500
18400
17100
18900
22900
24300
25200
25100
24300
26500
25300
25400
29200
31800
32100
29800
29500
29100
27600
26200
25100
23900
23300
24200
28700
31700
29000
28800
29900
26800
23100
23100
25700
25000
26800
31000
30200
25500
21300
18300
17000
18000
18600
18300
17300
16900
17200
16600
16700
18600
21600
23500
22600
22200
21800
20500
18600
17100
16000
15600
16100
15600
14100
13200
12600
12100
12100
12600
13400
12100
10400
9830
9450
9110
8730
8300
8110
8980
9820
8790
8110
7820
7340
6900
6810
6740
6720
6590
6400
6270
6160
6030
6090
6000
5900
5780
5730
5680
5550
5410
5370
5290
5250
5210
5120
5040
4910
4820
4810
4750
4710
4630
4690
4650
4500
4630
4750
4750
4750
4900
4960
4770
4740
4650
4480
4350
4300
4210
4110
4080
4060
4060
4110
4130
3990
3890
3770
3670
3750
3960
3890
3770
3720
3640
3510
3440
3380
3370
3280
3200
3160
3140
3130
3030
2990
3020
3010
3040
3030
3030
3000
2960
2950
3040
3100
3290
3390
3200
3050
2990
3020
3130
3130
3090
3000
2910
2860
2850
2870
2910
2870
2880
2780
2680
2650
2700
2940
3090
3090
3010
2940
2890
2970
3170
3120
3040
2870
2760
2770
2830
2950
2910
2930
2990
3000
2880
2790
2780
2860
3040
3100
3000
2820
2800
2850
2810
2830
2850
2830
2780
2820
2970
2970
2980
2940
2770
2680
2830
3070
3140
3080
3010
2940
2880
2920
3390
4030
4050
5290
6970
6290
5050
4270
3990
3870
3850
3770
3720
3930
4770
5170
5390
5330
5090
5130
5230
5150
4880
4600
4740
4950
5440
5580
5790
7090
6860
6540
7370
7350
6700
6010
5920
7490
9890
10600
10700
9240
8090
7250
7050
6930
7180
7740
7290
6590
6280
6710
6410
6390
6010
5670
5680
5960
6400
8130
8230
7450
7700
8310
9040
9330
8800
12800
22900
18400
13700
13100
13600
13400
14700
21700
22300
18200
15400
13900
18900
31100
33100
23700
22000
35200
36100
24800
18400
17900
20500
20700
19600
18700
18800
18800
17300
17700
18900
19000
17500
16000
15000
14300
13800
13900
13500
14200
14200
14500
20500
32300
34600
23700
18300
23600
28500
24900
20300
17800
17700
17000
19500
26600
25800
22100
21300
21100
21900
24600
26700
26600
26600
26700
28800
31700
46300
53900
43400
43300
39300
32500
27200
24100
21900
20400
19500
18800
19300
21700
21600
20900
23400
22500
20600
19300
17700
16500
16300
22500
26100
23800
21000
19100
18100
18100
20200
23300
23800
22200
20900
22300
22000
21100
20200
19800
21300
24500
27400
29600
28700
26900
25200
24200
24900
22400
20300
18600
17700
17900
18500
17500
15500
14600
16000
20400
21100
20000
19000
17700
16100
14500
13100
12300
11400
11000
10300
10100
9850
9500
9040
8770
8680
8620
8280
7930
7890
7750
7610
7480
7210
6980
6810
6740
6850
7070
8350
8320
7890
8020
8290
8050
7480
7010
6760
6450
6110
5930
5880
5750
5520
5380
5310
5250
5100
5110
4980
4900
4790
4690
4580
4480
4390
4480
4500
4440
4400
4350
4350
4340
4320
4220
4110
4020
3900
3890
3880
3820
3760
3780
3730
3590
3550
3570
3610
3660
3650
3640
3590
3550
3450
3440
3500
3580
3530
3480
3410
3370
3280
3250
3230
3250
3270
3270
3300
3210
3220
3160
3100
3080
3000
2980
2980
3030
3020
3000
2980
2950
2870
2810
2930
2960
2930
2860
2900
2940
3010
3140
3360
3400
3290
3190
3240
3190
3030
2930
2880
2860
2880
2910
2890
2870
2820
2780
2740
2800
2780
2780
2750
2700
2710
2730
2750
2740
2680
2580
2570
2520
2480
2460
2450
2530
2580
2600
2570
2620
2730
2920
3030
3000
3120
3250
3130
3070
3090
3060
3170
3460
3750
3600
3440
3520
3660
4590
7010
5840
4930
4410
4030
3950
4240
4280
4440
4320
4250
4390
5300
6200
6150
5670
5480
5180
4830
4500
4720
5670
5360
4960
5470
6100
6210
6210
6490
7620
10400
11200
9630
8380
7730
7530
8470
8940
8780
9360
9960
11300
11900
10800
9190
8740
9990
12000
12600
12200
11500
11100
11300
13000
13900
14100
13000
11600
10700
10000
10200
11400
12900
17300
24700
22300
20900
27500
27800
26900
28100
28000
26800
25700
28600
29500
30900
35300
36100
32200
27300
25200
24200
25800
27500
33600
63400
84300
76500
53400
37900
33300
33800
38200
35100
29100
24400
21500
21400
21900
20000
18400
17600
16600
15800
15900
16800
16800
15800
14700
14200
14600
15200
17600
27800
25400
20400
20500
20900
24200
42200
49900
45600
38500
37100
34600
35000
38200
45700
41100
28600
22100
21300
24500
24300
26600
34200
44800
46400
40000
32400
28400
30700
35800
33000
28200
25900
26700
27100
27400
27000
24900
23500
22900
22500
23100
22000
20100
19700
19400
18400
17100
15900
15100
15000
17600
17300
15400
14200
13700
13600
13900
13900
13700
13500
13000
11700
10600
10300
9870
9370
9160
8780
8340
8170
8170
8430
9180
8970
8560
8020
7490
7260
7030
6620
6400
6200
6110
5990
6140
5940
6500
7660
7760
7600
7090
6720
6490
6240
5970
5780
5650
5450
5330
5270
5200
5090
4960
4940
4940
4950
4890
4820
4990
4960
4820
4830
4900
4740
4660
4520
4470
4410
4250
4120
4040
3930
3850
3820
3870
4000
4340
4310
4300
4330
4250
4090
3910
3850
3700
3620
3560
3500
3420
3360
3340
3400
3310
3200
3170
3180
3160
3100
3020
2960
2950
2920
2880
2850
2880
2890
2870
2820
2810
2820
2850
2870
2890
2890
2790
2830
2750
2760
2750
2710
2680
2660
2670
2770
2760
2720
2750
2790
2830
2980
3080
3050
3060
3200
3160
3040
3070
3110
3060
3020
3000
3070
3050
2990
2960
2850
2790
2790
2900
2890
2820
2820
2880
2910
2910
2840
2800
2850
3000
3160
3160
3110
2920
2760
2690
2650
2640
2650
2630
2690
2690
2680
2620
2520
2530
2530
2470
2530
2620
2640
2620
2600
2510
2570
2820
3080
3200
3320
3470
3400
3300
3260
3210
3180
3330
3770
3990
3930
3750
3650
3590
3460
3740
3960
3850
3690
3690
3540
3520
4070
6550
7120
6890
6680
5870
5550
5790
5760
5690
5250
5490
4700
4680
6060
5990
5860
5850
5850
5490
5030
4610
4450
4600
4540
4080
4140
5960
11300
8200
6570
5860
5630
9250
12600
12700
11100
10000
9190
8950
8550
8270
7710
9150
13500
15100
14100
13200
13200
14400
13700
12200
10900
10100
10900
10300
11700
11900
10900
10000
10500
11700
14500
15700
16500
17800
17700
17400
17000
16800
16600
17000
22200
30800
32900
29200
24100
25700
23900
26500
34900
29600
24400
22900
27500
34500
32900
29100
27100
25900
33800
43500
45800
39700
32100
26800
23000
20000
19200
20100
19000
16100
14400
13700
13200
14600
13700
11800
11900
11300
12600
22700
22400
15500
13800
13300
12200
11800
14200
14100
14700
13700
13100
12000
11500
16000
17700
18200
21900
27800
26500
34500
31400
32800
37300
31500
26700
25600
26500
25200
23800
23800
24000
26000
29800
29800
27400
25700
25100
25000
24700
26300
30000
27400
23100
20600
18600
17900
18200
17500
16200
15500
15800
15700
14900
14600
14800
15900
15400
14700
13800
12800
13000
12500
11700
11600
11300
10900
10700
11100
10500
10000
9870
9440
9060
8980
8590
8580
8380
8070
7850
7440
7200
7710
13100
15400
13200
10400
8890
8090
7480
7160
7120
7040
6750
6470
6310
6150
5940
5750
5630
5590
5580
5580
5580
5770
5680
5410
5250
5020
4960
4980
4990
4900
4860
4850
4740
4740
4710
4580
4360
4330
4280
4220
3980
3930
3860
3760
3730
3720
3750
3780
3830
3650
3580
3540
3580
3500
3500
3420
3260
3240
3310
3310
3340
3330
3320
3240
3140
3120
3160
3190
3190
3130
3150
3130
3100
3110
3070
3020
3020
3000
2920
2970
2960
2940
2950
3010
3060
3000
3100
3110
3050
3050
3030
2960
2890
2930
2910
2850
2720
2700
2700
2680
2680
2710
2730
2720
2720
2740
2800
2920
2890
2840
2830
2800
2770
2800
2950
3130
3280
3340
3310
3170
3090
3050
3000
3000
3030
3080
3060
3130
3390
3820
4110
3940
3730
3550
3390
3470
3540
3450
3310
3150
3060
3000
3150
3470
3630
3430
3380
3630
4350
4570
4450
4340
5060
4870
7420
8240
6590
6010
6010
6280
6880
6420
5620
5020
4600
4550
4860
4920
5170
5050
5120
5970
5670
5050
4630
4590
4210
4150
4160
4090
4410
4740
4920
5240
5480
5460
5140
4700
7320
12900
11000
8560
7590
7570
8280
9710
11800
14500
16300
26700
31500
24800
17500
13100
11200
11200
14400
13500
10900
11200
15600
16600
15700
13600
11900
11000
10700
12700
12200
10500
9640
9470
9310
10100
10100
10200
10900
11300
15600
28300
26600
21300
18200
17700
17500
17100
17200
17500
16100
16800
16000
15800
14100
13800
14400
21200
24000
32700
36100
29700
22500
18600
16700
15000
14200
15100
21400
24200
22300
20600
18500
17200
16700
19200
37200
53300
53600
42400
30600
28400
27200
25200
27100
30200
28700
23500
22200
21600
20600
19600
20200
18800
19200
28200
38100
43500
33200
26500
27900
24500
20800
18900
17600
16600
16500
18400
17700
18600
20000
21100
21100
22000
20400
28700
46800
47000
36100
25900
21300
19200
19400
20700
20100
18700
18700
20100
19400
17800
16900
22000
24400
20500
18400
18500
21600
22600
20100
17500
15400
14200
13300
13600
22100
25500
21200
17500
15500
13600
12700
12300
12200
12800
12400
11400
11000
12800
13900
13300
12800
13000
12500
12000
12100
12500
11900
10800
9490
8960
8680
8250
7910
7740
7460
7150
7040
6860
6730
6920
7470
7910
8130
7960
7560
7000
6570
6300
6250
6590
6550
6430
6410
6540
6260
5960
5690
5470
5320
5200
5080
4970
4680
4590
4560
4340
4280
4230
4180
4100
4040
4040
4020
4000
3940
3860
3820
3820
3810
3800
3720
3700
3840
3920
3760
3590
3500
3540
3600
3740
3680
3700
3670
3680
3720
3800
3740
3660
3550
3470
3310
3220
3170
3150
3150
3050
2980
2940
3020
3040
3030
3030
3070
3110
3100
3040
2970
2920
2910
2900
2910
2870
2850
2910
2920
2820
2770
2750
2810
2810
2800
2750
2770
2730
2730
2770
2860
2950
3080
3250
3220
3110
2930
2870
2850
2860
2910
2900
2830
2730
2770
2850
2880
2810
2790
2760
2710
2730
2740
2770
2920
3250
3290
3110
3110
3070
2990
3090
3300
3200
3240
3770
4180
3830
3550
3340
3250
3220
3270
3280
3220
3140
3070
3030
3000
3280
3500
3520
3490
3440
3300
3210
3320
3390
3330
3430
3600
3570
3470
3520
3470
3410
3750
4020
3930
3890
3780
3600
3410
3580
3900
4120
4320
5740
6810
6810
6710
5940
5340
5070
4720
4420
4720
6610
7670
8050
8520
9070
8590
9430
9680
9210
10100
11400
17200
17200
14700
12200
10900
11000
12300
16600
21400
20100
16100
12500
10200
9030
10000
13200
16600
13900
12300
11400
10400
9030
10700
11800
11400
11800
11100
10500
9960
10100
12500
18300
27100
33100
26300
20300
17500
16700
16700
17000
30600
41500
34800
26200
39900
59200
53200
37100
28300
26500
29100
34400
39300
36500
30600
26900
25400
29700
34000
27600
23300
28100
32600
38100
39400
36700
30500
24900
27300
34000
29200
24200
24500
35800
47200
39000
27400
21400
18300
16500
15700
16000
16300
18300
18200
16100
13800
13000
14300
15800
16100
16000
16400
16600
17500
19300
16700
20800
28000
35200
28400
21300
17300
14900
13400
13000
14600
17600
18100
16500
19100
20900
18900
17300
15700
14500
13800
13400
14000
14500
14800
14700
14700
19100
28100
28100
24000
20700
21400
19600
16500
15100
14700
13800
14400
13900
12500
11500
10700
10100
9610
9220
9430
10100
10100
9590
9680
9560
9260
9130
8900
8680
8560
8360
8260
8150
7920
7730
7570
7480
7170
7000
6910
6870
6810
6590
6370
6110
6080
6020
5930
5750
5520
5330
5130
5240
5350
5180
5070
4920
4860
4820
4720
4640
4520
4540
4670
4550
4480
4620
4730
4640
4480
4390
4320
4330
4370
4320
4240
4210
4120
4030
3930
3810
3890
3970
4000
3860
3800
4090
4180
4150
3970
3890
3870
3670
3570
3510
3550
3440
3330
3300
3210
3150
3160
3100
3130
3160
3170
3180
3170
3290
3360
3280
3200
3200
3150
3060
3030
2990
2890
2920
3020
3060
3030
3000
2960
2940
2960
2940
2930
2990
3090
3100
3010
2930
2800
2760
2740
2770
2720
2710
2740
2770
2770
2790
2810
2810
2770
2760
2740
2740
2720
2810
2870
2880
2800
2760
2720
2760
2760
2750
2700
2690
2730
2760
2780
2830
2830
2870
3040
3260
3320
3230
3190
3190
3170
3220
3330
3300
3250
3320
3440
3500
3480
3390
3360
3290
3290
3420
4130
5450
5640
5230
4810
4480
4260
4260
4410
4380
4260
4270
4580
4540
5470
7820
8670
8120
7780
7610
7510
7350
6490
5750
5680
5500
5190
5050
5080
5850
6660
6160
5550
5190
5180
5800
6530
7260
8530
8500
7600
6870
6170
6000
5940
7960
12300
18300
16800
13300
11200
10900
10500
10100
9160
8100
7380
6970
7420
8560
9010
9840
9180
10100
11300
12100
11700
11200
11000
12500
13400
12800
12500
12000
11700
11300
11500
11700
12200
13100
14300
14300
13700
14100
15000
15900
17900
19600
19800
19700
22200
27400
28100
29800
40500
39000
34500
31500
30700
29900
29500
29900
31800
31500
30400
33000
38000
32200
25800
25600
28600
26900
24600
22300
20400
22500
27000
26000
23900
22000
21600
20900
30400
33700
27400
22700
20700
20300
19300
18300
17000
17100
18800
18200
18500
21100
25300
22900
18100
16100
14700
13600
13500
13700
15500
19700
17500
18700
19100
22000
32200
33500
37000
31500
26400
29200
30900
25000
22100
21500
23300
25600
25700
26600
26800
26000
26000
27000
28000
35100
45700
46600
39400
31000
25100
24100
24000
25700
27200
25300
23000
22800
26700
29300
26800
23400
21400
20100
19000
18700
18200
17400
16600
15300
14300
13600
12900
12400
12000
11700
11300
11100
11600
12400
12700
12400
11900
11300
10800
10300
10100
10000
9940
9720
10500
14200
13600
11400
10100
9440
9290
9940
9850
9410
9220
9260
9290
9060
8510
8170
7910
7690
7390
7000
6660
6550
6490
6410
6390
6350
6290
6270
6230
6270
6140
6050
5880
5760
5620
5460
5350
5200
5110
4970
4850
4840
4820
4750
4640
4480
4400
4330
4380
4280
4230
4230
4070
4030
4110
4000
4010
4010
3940
3870
3740
3700
3710
3710
3720
3710
3770
3840
3860
3770
3610
3570
3550
3540
3480
3410
3350
3320
3330
3330
3380
3320
3240
3260
3070
2990
2950
2990
3040
3110
3160
3120
3080
3050
3030
2990
3030
3110
3180
3140
3090
3080
3180
3220
3170
3100
3030
3000
2970
2880
2840
2900
2840
2850
2970
2940
2880
2890
2860
2790
2850
3030
3360
3530
3520
3410
3340
3300
3220
3170
3140
3140
3030
3020
2960
2990
3030
3080
3230
3250
3360
3430
3450
3290
3390
3490
3480
3490
3400
3200
3210
3130
3080
3060
3070
3070
3040
3000
2970
3060
3140
3190
3130
3090
3030
2940
3000
3220
3820
4440
4580
4410
4150
3970
3890
3920
3990
3920
3830
3820
5830
7310
6410
5620
5000
4870
4820
4850
4680
4900
5470
5570
5280
4900
4750
4820
5610
5420
5310
5360
5440
5710
7100
10500
13300
12800
10400
9290
8400
8020
9010
9650
9330
10300
8050
6870
6240
7010
10800
9750
10400
10800
11200
11900
12400
11600
10200
9220
8670
9910
14500
18100
14700
12100
12500
15500
15900
14400
12700
11900
11800
12100
13700
14600
12500
13500
22800
34700
35000
26900
20400
16700
16100
15600
18600
21300
18300
18000
18300
19000
22800
22200
19500
18400
17900
17800
17800
19100
21600
22200
22900
21300
19700
18500
16500
17300
18200
15600
13900
15300
12800
11100
10200
10200
11800
11000
9460
8460
7860
7400
7130
9340
11800
14200
22600
22900
17200
14700
13800
16000
18200
18200
18400
17400
16300
16800
18500
19000
18600
20600
29600
32200
27400
23800
20100
17900
19000
24300
24500
24400
24100
23800
22500
22200
23100
24200
24300
22600
20700
18900
17500
16400
15300
15000
14700
14400
15400
17300
16100
14700
13800
13600
14100
14200
14000
14400
15900
18600
20300
20000
18600
17800
16900
15300
14200
13300
12400
11700
11400
11700
12300
12200
11400
10800
10200
9920
9780
9190
8890
8630
8350
8240
8160
7970
7810
7660
7960
8050
7990
7710
7220
7090
7110
6940
6710
6390
6400
6540
6400
6260
6230
6140
6230
6410
6450
6380
6400
6310
6210
5940
5720
5620
5390
5330
5050
4850
4570
4680
4590
4540
4500
4410
4370
4330
4190
4290
4230
4180
4160
4020
3890
3910
3920
3830
3760
3720
3700
3600
3540
3510
3420
3320
3380
3380
3330
3260
3230
3220
3160
3100
2990
2890
3030
3090
3090
3110
3140
3100
3120
3100
3030
2990
2960
2970
3090
3060
2870
2740
2750
2770
2750
2730
2710
2730
2750
2740
2740
2780
2810
2790
2730
2730
2720
2660
2650
2650
2590
2530
2530
2580
2610
2640
2710
2630
2560
2520
2510
2670
2790
2740
2660
2630
2650
2600
2570
2530
2520
2500
2420
2440
2460
2350
2340
2370
2430
2440
2380
2400
2390
2390
2410
2400
2460
2670
3030
2890
2710
2630
2600
2570
2640
2910
3020
3050
2990
2870
2880
2820
2820
2980
3350
3500
3590
3760
3630
3460
3360
3160
3070
2890
2790
2690
2740
2710
2710
3160
3970
3810
3520
3370
3360
3610
3960
4010
3770
3580
3450
3360
3270
3250
3260
3250
3570
4000
4240
4520
5260
5370
6050
6160
7500
6100
4950
6710
7900
8500
7960
6780
5820
5650
5740
5750
5770
5860
5910
8520
9660
8150
7370
6440
5800
5380
5590
6120
7400
8850
9210
9510
9610
9420
10200
10400
10100
10600
11700
18400
33100
42400
37800
28900
23600
21000
19500
19400
22200
26900
25900
23100
22800
25600
36200
41400
32500
25000
21600
19300
19400
29000
47800
63500
58200
41200
30500
26000
24100
23400
25700
27500
22900
19000
17100
16300
16200
17300
23300
27400
26900
28700
27200
23100
20700
19000
18400
18900
20600
20800
20400
19700
19300
23000
26800
23300
19900
20500
23500
30800
28800
31000
33000
27400
22000
21400
24200
21900
22400
35800
32400
24900
22000
20900
20100
20300
20200
19500
18700
17600
17500
18600
19600
19500
20600
22900
23400
23000
22400
22400
25400
25000
23100
21700
21600
21500
21000
20600
20000
19300
18900
18300
17500
17300
15900
15200
15900
17200
16500
16000
15100
13700
13000
13100
13300
12800
12000
11500
11100
10700
10200
9730
9330
9120
8900
8590
8230
7920
7610
8620
9100
8510
7870
7520
7350
7110
6870
6750
6620
6440
6330
6140
6170
6350
6580
6780
6770
6550
6300
6100
5950
5840
5720
5400
5240
5190
5150
5210
5300
5190
5160
5040
5030
4990
4790
4630
4610
4510
4420
4400
4360
4330
4390
4380
4320
4320
4280
4170
4090
4020
3940
3890
3880
3830
3750
3610
3600
3600
3490
3430
3300
3270
3310
3290
3340
3320
3320
3420
3400
3340
3310
3360
3370
3390
3430
3490
3420
3370
3360
3260
3200
3210
3120
3040
3030
3020
3050
3050
3020
2990
2980
2960
2910
2800
2740
2740
2730
2760
2740
2740
2750
2760
2780
2770
2770
2780
2830
2800
2730
2740
2790
2850
2850
2820
2830
2890
2970
3160
3340
3340
3190
3090
3060
2990
2970
3020
3050
3130
3090
3030
3020
3040
3130
3130
3080
3130
3200
3150
3190
3270
3390
3320
3200
3230
3360
3580
3770
4050
3960
3770
3780
3970
3960
3900
3900
4410
4770
4820
4660
4300
4450
4720
4820
4490
4320
4320
4310
4300
4490
4960
4940
4630
4370
4120
4040
4200
4330
4080
3990
3710
3460
3370
3470
4400
4620
4700
5060
5940
6460
6270
6310
6520
6520
6230
6150
6550
6750
6520
6190
5830
5290
5260
5510
5680
5560
5840
6600
7050
7890
9730
10500
9610
8120
7530
6810
6330
6350
6790
6560
7350
9580
10200
10400
9380
9200
9660
10300
10600
11300
13500
14700
12800
12700
12000
12000
18100
23400
18400
13500
11400
10000
11500
19300
18300
17000
18200
18600
18100
20200
21300
22900
24600
20300
16800
15500
17600
18100
15600
14700
17100
22500
20500
16700
21700
39900
39900
38500
37400
42900
34500
24700
20300
17900
16400
21000
31600
26600
22100
19100
18500
18900
17500
20900
26200
24300
26300
29600
27900
25400
30600
31800
27300
23000
21300
20000
19000
18900
19500
22400
23500
22200
20900
25200
39500
43600
36300
30600
28200
30800
32500
30000
27000
25100
25900
30500
31700
30700
28300
24900
21600
18900
17400
16500
16600
17500
16900
15700
15300
16600
18400
19700
20100
19800
19500
18500
18100
19600
20500
21100
21200
20200
18800
17100
15900
15300
15300
15800
15900
15900
16400
16700
16600
16600
16700
17600
17600
16400
14600
13300
12400
11700
10900
10200
9860
9530
9420
9490
9250
8940
8640
8390
8290
7980
7590
7460
7390
7300
7150
6970
6680
6490
6350
6290
6250
6200
6160
6100
6010
5790
5580
5560
5400
5360
5350
5250
5250
5270
5210
5080
5060
5000
4940
4950
4830
4800
4710
4580
4490
4390
4310
4270
4190
4150
4200
4160
4110
3980
3990
3940
3970
4030
4090
4060
3860
3770
3830
3890
3860
3820
3810
3780
3760
3820
3810
3900
4140
4450
4550
4520
4310
4000
3840
3830
3800
3720
3650
3530
3460
3450
3410
3390
3360
3300
3250
3190
3220
3230
3210
3210
3200
3140
3140
3220
3180
3210
3170
3120
3090
3160
3120
3050
3090
3120
3080
3140
3190
3370
3620
3710
3590
3530
3570
3570
3490
3430
3410
3490
3610
3830
3790
3820
3740
3670
3500
3520
3520
3470
3380
3320
3280
3230
3220
3230
3360
3420
3660
4090
4450
5230
5840
5810
5440
4890
4550
4450
4210
3960
4010
4170
4470
5210
6290
6370
6200
5900
6030
6360
7190
7240
6710
6340
6550
7740
7710
8250
8490
9450
8350
7460
6630
6200
6560
7870
8580
8500
7850
7080
6300
5870
5610
5680
6680
8330
9480
10900
10800
10600
10800
10600
9110
8130
7610
7550
7530
7660
9370
10700
10600
9760
8450
7730
7670
8160
9000
8920
8670
9220
9170
9080
9370
10400
10700
15200
15600
13400
11800
10700
11300
25300
31500
21900
16100
14600
13900
13700
16400
16300
14900
14300
14200
15600
21500
26600
24700
21900
20500
19900
19700
19600
19800
19700
21400
26700
44700
53500
54600
47600
33900
26900
25000
22700
23500
31300
27500
23900
21200
19300
18200
18700
20600
23400
46200
47300
34000
24900
21600
20000
18900
17800
17700
18100
20200
21900
20500
17000
15500
15600
20500
31400
25100
18800
16800
19100
23100
32900
45400
38100
28300
23500
20900
19600
19400
20200
21800
19800
17600
20300
29700
28900
26300
26800
32100
28600
24600
21900
20700
22000
24700
24800
23200
21700
20200
19500
19300
19300
19400
19600
19400
19100
18900
19400
23000
23500
26000
30200
26600
20300
17400
16100
15500
15800
15900
16300
16700
17300
18800
19900
20300
20200
20300
19900
19200
20300
21300
21200
22000
21800
20700
19300
18100
16700
15600
14400
13500
12800
12300
12000
11600
11100
10700
10300
10000
10100
9820
9810
9860
9610
9490
9200
8970
8890
8830
8680
8600
8600
8380
8130
7700
7410
7360
7160
6820
6640
6680
6700
6740
6710
6600
6370
6090
5990
6020
5870
5800
5600
5440
5330
5320
5110
4990
4990
4970
4890
4690
4660
4760
4700
4690
4730
4860
4970
4910
4940
4930
4820
4670
4670
4640
4620
4460
4430
4250
4290
4230
4040
3970
3990
3970
3860
3760
3650
3620
3630
3660
3590
3540
3630
3660
3660
3660
3520
3550
3610
3530
3390
3340
3460
3500
3430
3520
3690
3690
3710
3720
3620
3540
3560
3530
3410
3380
3420
3360
3320
3380
3340
3300
3200
3240
3240
3190
3220
3340
3390
3510
3640
3760
3920
3890
3770
3660
3660
3740
3670
3590
3550
3480
3450
3310
3330
3330
3300
3310
3360
3570
4060
4180
4140
3930
4030
3900
3750
3620
3580
3580
3750
4280
4420
4370
4220
3970
3890
3820
4030
4420
4340
4100
4060
4040
3890
3830
3670
3750
4060
4560
4540
4380
4270
4120
4160
4260
4330
4680
6130
7960
8190
7910
7280
6720
6940
7780
8310
8410
8980
9580
8560
7450
6620
6240
5880
7310
7360
6520
7320
11000
20200
20700
14700
11700
9880
9090
9350
11400
12200
12200
12400
11800
11000
10900
10800
12500
12600
12800
11900
10700
10400
10400
10200
10500
11500
11400
11000
11500
12300
12300
11600
11300
12500
14500
21600
25800
29800
29100
28900
31900
28100
24800
22500
20600
21300
34700
42500
34200
24800
20100
20100
18600
23500
31900
25500
18500
16300
16100
21400
26300
23300
18300
22000
39700
34700
25100
21600
20600
20000
21800
23400
25000
32500
33700
29900
27300
27400
30200
34700
30000
24600
21700
19600
17900
16300
14900
14100
13000
12800
15900
24500
25700
20900
22000
24700
26800
22000
17700
15200
13800
13300
15000
16400
19600
23400
28300
29500
25600
22000
20400
26500
28100
26300
23800
20100
22000
32500
32700
26900
25000
24500
24400
24100
23500
23400
23300
23200
23600
23200
21400
20200
20000
18900
17600
16600
17500
17200
16300
16200
16600
18100
18400
19100
19400
20200
20800
21500
24000
24700
24300
22400
20000
18400
17300
16500
16200
16000
15600
14700
14200
13900
13900
14700
14300
13200
12100
11700
11300
10900
10200
9890
9820
9460
9030
8660
8570
8940
10500
11900
11400
9910
9140
8530
7930
7660
7530
7470
7180
6760
6670
6540
6440
6430
6360
6310
5980
5890
6020
6120
6460
6500
6180
6050
6120
5970
5850
5720
5460
5300
5120
5120
5040
4850
4880
4900
4810
4690
4680
4740
4670
4540
4550
4400
4080
4150
4100
4130
3960
4030
4090
4020
3860
3810
3910
4010
3950
3930
3840
3890
3860
3790
3730
3730
3760
3780
3680
3670
3690
3670
3610
3490
3410
3440
3590
3600
3670
3770
3730
3610
3600
3610
3760
3800
3720
3600
3610
3570
3590
3560
3500
3490
3410
3370
3280
3220
3230
3240
3260
3350
3410
3670
3860
3770
3620
3380
3390
3370
3350
3270
3250
3240
3200
3150
3100
3100
3070
3060
3010
2900
2890
2890
2890
2970
2820
2710
2790
2940
2940
2920
2960
2940
2950
2890
2830
2850
2930
2960
3080
3310
3350
3580
4150
4400
4240
3910
4080
4110
3860
3760
3650
3590
3490
3390
3220
3270
3310
3290
3300
3350
3360
3370
3550
3810
4060
4160
4050
3710
3630
3540
3580
4180
4960
5560
5290
5110
4870
5220
5960
6160
5920
5600
5300
5020
5280
5180
5040
5640
5660
5580
6270
6820
6640
6750
6520
6880
10700
10000
9040
10100
15200
17500
14700
13600
15700
13100
10800
9090
8270
7960
7490
7380
7620
8540
15800
27800
29800
20600
15400
15100
14700
13300
12700
13100
13400
12600
11700
11500
11500
11400
15600
30800
28900
24000
18700
18900
20500
20300
18800
20300
21500
23400
23600
23400
23300
22200
24100
24800
31300
30000
24800
20700
17900
17100
17600
16200
15200
14900
14100
13300
15500
20400
19100
17300
17900
18100
18700
20900
29300
29400
26000
34200
52700
50500
43900
45000
43200
38700
35600
34100
33200
32600
35400
34300
31000
31800
30700
27200
23100
21300
21200
21700
22200
20400
18700
18400
20500
21200
19700
17900
16600
16500
16200
16700
17500
18100
19300
20500
21700
21800
20700
20800
19800
19700
21200
21100
20100
19300
19500
20600
21300
21000
20400
19700
18800
17800
16900
16900
17400
17300
17100
17100
16700
15800
15000
14600
13600
13000
12600
12500
12300
12700
13000
12900
12600
12700
12500
12000
11400
11100
11100
11100
10600
9900
9240
9260
9910
10400
10300
9930
9230
8750
8320
7940
7790
7620
7340
7190
6880
6570
6500
6500
6360
6140
6210
6210
5960
5870
5750
5660
5550
5670
5740
5720
5740
5720
5560
5610
5750
5670
5420
5290
5130
4980
4920
4930
4790
4770
4670
4660
4410
4370
4590
4580
4480
4350
4260
4210
4200
4150
4310
4610
4760
4780
4580
4710
4480
4490
4430
4300
4240
4080
3950
3920
3910
3870
4070
3780
3670
3770
3790
3710
3500
3600
3620
3530
3410
3500
3540
3430
3510
3540
3530
3530
3400
3380
3150
3130
3200
3230
3070
3020
3030
3140
3140
3140
3260
3400
3320
3280
3290
3370
3340
3360
3460
3640
3920
4200
4180
4070
3970
3850
3810
3670
3650
3690
3600
3570
3650
4380
5160
5190
4890
4670
4440
4220
4160
3980
3930
3960
4000
3780
4140
4390
4300
4150
4110
4100
4010
3910
4380
4420
4400
4290
4430
4540
4460
4630
4950
5600
5830
6860
7140
7220
8860
11900
11200
10100
10100
10000
10400
9820
9100
8190
7440
6950
6840
8490
9580
7640
6820
6480
6260
6340
6190
6640
6140
6660
10300
11000
8980
7760
11100
15700
15300
14400
12400
11500
11900
12100
11700
11600
14800
17900
19500
16500
13400
11500
9850
8620
7760
7490
8040
7590
7550
9400
10500
9910
8920
9500
13000
16100
14100
13100
11400
10200
9420
8780
7990
8060
12000
13700
14400
14900
13900
12300
13000
20700
25500
23700
20300
20600
22200
21100
20800
21800
22400
24200
25500
23800
21900
22400
22800
21800
21800
21000
19700
18300
17900
18200
28900
47800
46900
48300
47000
36800
28200
24400
21700
20600
19000
18100
18300
20100
20500
22100
23000
24000
21200
18200
17400
17800
24400
27500
22600
19400
17500
16400
15700
17300
15600
14900
22200
21600
15400
12400
13000
15100
15300
16900
17900
18500
15900
13500
12500
11800
12700
15800
14500
14200
13600
13900
14000
13300
11900
11500
11300
10400
9700
9640
9430
8860
9130
10500
10400
11200
10900
10900
11500
12000
12700
14500
16100
16300
18300
18300
19000
23000
22400
19600
16400
14000
13200
17000
19100
16800
14400
13000
12100
11400
11100
11300
11800
12100
11200
11000
11000
11100
10300
9940
9780
10400
11700
13100
13400
12500
12100
11700
11000
10300
9770
9130
8790
8290
8260
7880
7310
7170
7330
7030
6500
6340
6410
6440
6130
5710
5360
5290
5570
5410
5480
5120
5100
4750
4630
4930
4900
4750
4370
4640
4570
4290
4710
4310
4320
4180
4210
4050
3920
4030
4130
3960
3830
3690
3710
3610
3780
3810
3730
3610
3460
3350
3280
3430
3280
3160
3130
3160
3180
3070
3000
3130
3100
2970
2890
2840
2890
2940
3110
3200
3210
2980
3140
3150
3080
3190
3130
3150
3050
3120
3210
2950
2880
2890
2850
2770
2700
2700
2680
2640
2690
2700
2750
2730
2640
2640
2730
2760
2580
2590
2590
2500
2480
2430
2440
2590
2520
2520
2620
2660
2610
2700
2730
2900
2880
2950
2970
2900
3060
3040
3110
3150
3010
2940
2940
2960
2930
2840
2740
2730
2640
2690
2830
2670
2670
2860
3040
3110
3320
3910
4110
4040
3820
3540
3560
3590
3530
3260
3280
3210
3250
3520
3640
3580
3530
3470
3380
3530
3730
4600
5160
5160
5740
6280
5550
5040
4860
4620
4450
4710
5210
5960
6260
5490
5110
5300
5410
5310
4800
4800
4600
5040
6870
8330
8960
8980
8140
6840
6670
7180
7610
7080
6990
7470
7360
10900
10200
8600
7570
6740
6830
6930
6470
6480
6270
5800
5820
5880
5280
5420
5510
5290
5130
4500
5060
5280
5350
5420
7000
6910
6690
6980
7700
8970
10600
12100
10600
9420
8460
8300
7940
7960
8290
8500
8040
8610
10100
9850
9290
10700
21100
29000
25100
17000
13600
12700
13100
14600
17300
19900
20300
18600
17100
18100
17900
15300
15100
18000
25900
28100
25200
20500
19100
18300
19800
27500
29800
25900
23100
22100
20200
21300
35800
31200
24800
20800
19600
19700
21300
23500
23100
22200
23500
32200
41000
41400
33500
28700
31600
38200
40700
33700
29700
30300
29800
29400
29100
31200
40500
45500
42600
38800
38900
39700
38400
37400
35800
33200
30300
27800
25900
24900
25300
24900
24300
24300
23500
22600
21900
20300
19300
19600
20000
20000
19200
19700
20500
20200
19100
18300
17700
17600
17500
18300
18700
18500
20000
19700
18800
19000
19000
18300
17600
16900
15600
14900
14400
13600
14100
15700
17800
17900
16900
16100
14800
14300
13300
12600
12500
12400
12000
12100
12300
12700
13200
12600
11600
10800
10200
9750
9540
9000
8900
8810
9330
10000
9500
9030
8670
8200
8140
7350
7890
8080
9930
10600
9930
9390
8230
7490
7240
6880
6550
6290
6160
6140
5910
5690
5700
5610
5580
5560
5410
5330
5140
5060
5020
4940
4890
5020
5160
5180
5140
5060
5080
4910
4830
4700
4410
4190
4240
4330
4420
4110
4030
4010
3980
3840
3710
3700
3650
3830
4160
3810
3540
3370
3500
3780
3620
3370
3260
3280
3350
3390
3340
3300
3280
3280
3310
3360
3430
3310
3380
3360
3420
3290
3110
3100
3130
3000
3020
3120
3160
3210
3020
2990
2900
2790
2800
2800
2740
2800
2800
2780
2710
2720
2780
2730
2820
2730
2670
2720
2820
2720
2670
2710
2730
2840
2970
3090
3060
2980
2920
2880
2860
2880
2920
2980
3050
3010
3210
3220
3250
3250
3140
3130
3370
4160
4570
4840
4530
4210
4160
4250
4160
4120
4100
4380
4920
5070
4670
4210
4030
3990
3780
3680
3700
4370
5440
5600
5680
5640
5500
5390
4820
4460
4860
6500
5950
5790
5580
5440
5750
6030
6170
5910
5670
5170
5060
5080
5760
6010
5420
5340
4920
4630
4590
4720
4790
5090
5110
4840
4480
4320
4310
4730
4850
5710
6260
5980
5250
5570
6240
6510
6610
6620
6380
6040
5530
5520
5810
5960
5980
6580
8420
14300
15000
13700
12400
11200
10800
10800
11000
11300
12700
14100
13700
15100
19600
21700
22300
21700
21200
23900
21500
17700
15400
15000
21600
22100
18900
16500
15700
14700
14900
18700
22100
24600
29600
29400
24100
19600
16300
14400
14100
12700
12300
11600
11400
10700
10400
13100
14800
13100
11900
11300
11200
10500
10300
9620
9500
9670
10400
9950
9530
9440
10100
10200
9090
8410
8220
8510
9290
10600
9690
8560
8070
7420
7080
7090
8920
11000
10700
10200
10400
12500
16000
16600
15500
14900
15600
20300
22300
22500
23000
20500
17600
15700
14000
13800
14700
14000
13600
12900
12600
12400
12300
12900
14400
14500
13800
13900
14900
15200
15100
15000
16400
16700
15100
14200
13700
13100
13600
14500
16000
16300
15900
16300
17700
18700
17300
16100
15400
14300
13700
12700
13000
15900
15400
13900
12600
10900
10000
9140
8590
8110
7780
7620
7540
7570
7310
7010
6940
6700
6430
6300
6220
5970
5900
5860
5810
5660
5420
5340
7630
15700
14900
11400
9230
8220
7480
6790
6140
6070
5820
5560
5330
5170
5380
5470
5720
6220
7010
6960
6530
6230
5700
5340
5220
5050
4960
5000
4970
5080
4960
5000
4840
4730
4710
4600
4500
4260
4260
4350
4400
4300
4090
3850
3750
3590
3710
3750
4010
4120
4150
4130
4170
4070
4000
3940
3890
3630
3570
3620
3600
3440
3430
3310
3280
3250
3300
3300
3270
3200
3240
3320
3120
3020
3070
3010
2940
2960
2920
2920
2990
3040
3030
3030
2940
2910
2880
2830
2870
2850
2850
2820
2740
2740
2770
2840
3110
3340
3440
3420
3560
3810
3940
3950
3920
4000
3800
3540
3330
3330
3350
3330
3290
3170
3090
2960
2960
2980
3040
3010
2940
2850
2740
2750
2840
2900
2860
2770
2750
2770
2810
2910
3330
3680
3470
3470
3720
3490
3430
3720
4090
4240
4690
4670
4360
4210
4210
4020
3830
3750
3690
3430
3360
3320
3400
3380
3430
3470
3700
3610
3690
3670
3610
3840
3680
3920
3770
3810
4000
4120
4770
6060
7170
6920
6090
5470
5180
4940
4710
4630
4800
5550
5180
5170
5670
5700
5870
6090
7290
9020
9190
8520
8110
7910
7990
8990
8490
8140
15000
19000
13800
12300
12900
13100
12000
16400
16700
13800
13300
14100
11700
11600
13000
13900
17000
19900
17500
17000
16800
15000
15600
16000
15100
14100
12800
12900
12800
12100
13000
16200
19800
19000
17500
18300
19600
22600
23800
24300
25900
24800
20800
18600
19300
23300
29300
30000
26900
26700
29600
29100
26800
27500
29100
28700
27700
23500
21400
19400
19500
20200
17600
15800
15600
14300
13400
13100
17300
17300
16100
14600
19200
37700
39900
33100
24600
19600
18800
23100
25500
24300
21700
19200
18500
20600
32100
26900
21100
19100
17500
18000
19700
20900
19900
18100
16400
14800
13800
12800
14100
17500
21500
22300
18700
18000
18300
16900
16900
17500
18000
19000
19200
19000
18300
16700
16000
16400
17000
18400
18300
16700
15900
15500
15600
15400
15900
16200
14700
13800
13500
15300
17100
17500
15900
14000
13100
13800
13000
12800
13700
13900
13100
13000
12600
12100
11900
11100
10600
9690
9440
9030
8620
7960
8090
7880
7630
7510
8000
8400
8220
7940
7380
7080
7060
6810
6630
6500
6520
6490
6220
6190
6470
6490
6390
6670
6970
6650
6190
5760
5500
5440
5550
5680
5450
5210
5030
4960
5030
5130
5190
5150
5210
5080
4870
5030
4910
4770
4750
4700
4640
4730
4810
4700
4490
4410
4370
4270
4330
4200
4250
4280
4300
4360
4250
4050
3820
3840
3780
3650
3610
3690
3720
3680
3600
3550
3460
3380
3330
3360
3380
3430
3530
3520
3480
3470
3420
3350
3280
3250
3240
3270
3300
3310
3350
3520
3420
3360
3180
3180
3130
3150
3170
3190
3100
3120
3110
3090
3020
2940
2880
2840
2880
2870
2820
2800
2880
2800
2840
2880
2940
3040
3120
3030
2940
2840
2860
2870
2850
2700
2640
2600
2700
2790
3070
3370
3260
3260
3250
3220
3200
3110
3150
3050
3070
3100
3130
3200
3140
3320
3420
3290
3560
3800
4050
4140
4160
4510
5040
5160
4960
4710
4220
4100
4140
4380
4530
4330
4160
4010
4110
4310
4180
3800
3800
4950
5610
6660
6520
6080
6140
6450
6120
5760
5800
5610
6880
7620
6880
7320
7360
6430
6460
7730
7550
7840
8000
7550
7440
7980
8220
8940
10000
10600
10300
9540
8770
8080
7640
8190
9300
9460
9330
14100
12300
9660
8520
8160
9160
11000
12400
14400
15500
15800
14400
12800
11600
10900
10500
10000
9200
8390
7550
6950
7410
11700
16400
11900
9600
9160
9360
9660
10000
9640
11000
12900
13600
20700
20600
17100
19300
19200
18000
18300
23400
34300
34600
28700
24700
23000
22200
21700
20600
19800
19300
18800
23100
28200
30800
32100
32000
32000
30800
27500
27100
36600
36400
33700
29000
29600
27600
24600
23000
21600
20800
20600
20400
22100
26900
29200
25400
21400
19100
17900
17200
17300
17500
17700
17600
16600
17000
15800
14100
13500
18600
22900
21800
17900
14900
13200
12500
13500
14500
14100
13800
14000
14000
13500
13100
13500
14800
14300
15200
14700
13900
14000
14800
15600
14300
13600
13300
12600
12900
12400
12600
12600
12400
12500
12700
12400
13400
13900
13800
13200
12900
12700
12800
12800
12400
11600
11400
11000
10700
10700
10400
9860
9380
9240
9170
8690
8210
8170
8120
7730
7680
7590
7230
7070
7040
6770
6660
6400
7180
7670
9280
9680
10300
12800
11800
9820
8460
7600
7210
6870
7090
7470
7870
7510
7160
6760
6530
6170
6100
5830
5530
5410
5190
5120
5230
5200
5160
5160
4790
4970
4930
4850
4940
4730
4400
4150
4090
4200
4120
4240
4020
3820
3880
3820
3780
3730
3590
3520
3600
3500
3430
3420
3450
3410
3250
3160
3140
3080
3010
3110
3300
3270
3100
3000
3010
3000
3140
3110
3090
3040
2910
2990
3010
3020
2930
3070
3000
2910
2940
2940
2990
3000
2950
2930
2870
2800
2840
2910
2850
2860
2780
2690
2700
2700
2700
2700
2670
2670
2760
2790
2800
2870
3030
3140
3400
3540
3360
3170
3110
3090
3030
3010
3040
3070
3030
3050
3050
2990
2910
2860
2900
2910
2930
3030
2860
2810
2910
3070
2890
3430
3580
4580
4800
4230
3920
3800
3780
3770
3960
3940
3860
4100
3930
3820
3760
3650
3740
3580
3440
3370
3390
3530
3810
4120
4130
4020
3870
4090
4330
4280
4070
3960
4380
5020
4960
5610
5660
5310
5040
6710
7620
9120
9330
7760
6700
6240
6940
6750
5940
5530
5260
5360
5310
5560
5910
6290
7180
7790
7610
7470
8290
10700
12900
12800
10200
8850
8340
7930
7920
9000
9620
9440
8790
8240
8380
7760
7520
7260
6900
7020
7490
7170
7550
10800
11300
13200
15700
14400
13900
12500
10800
10300
9980
9870
13700
20200
20500
18600
17100
16100
15600
14500
13500
12700
12400
16600
21400
19200
17100
17400
22300
30500
36300
31100
26300
25500
25600
24400
23200
22600
23500
29100
29800
27300
27900
27900
30300
35600
31800
26200
21600
18100
16100
15000
13900
13200
13100
13500
14500
17800
24900
23300
19700
17000
15000
14800
17900
18100
15800
13900
12800
11400
11100
12800
22400
24500
20000
16300
14200
12800
11800
11500
11400
11200
11000
10900
10800
10100
10200
10300
11100
12300
12200
11900
11200
11000
11000
11400
11400
10500
9480
8630
8130
8490
8300
8420
9190
10200
12800
16500
17300
16500
15100
14600
16500
17300
16500
16800
17200
17600
16900
15900
14900
14000
13200
12500
11900
11500
11800
12400
12700
12100
11400
10500
10100
9680
9430
9030
8900
8810
8770
8670
8440
8160
7450
7220
7210
7030
7020
6780
6430
6360
6250
5950
6070
6020
5920
5740
5660
5720
5520
5340
5250
5190
5380
5220
5080
5180
4990
4900
4890
4780
4560
4490
4480
4370
4370
4270
4190
4240
4270
4100
4150
4210
4300
4420
4430
4210
4050
4110
4110
4260
4170
3840
3900
3910
3840
3700
3540
3520
3660
3720
3780
3320
3250
3240
3180
3120
3090
3130
3210
3180
3120
3140
3150
3100
3210
3180
3170
3250
3100
3040
3040
3020
2960
2990
3090
3120
3080
3120
3190
3180
3230
3150
3060
2960
2980
2920
2830
2770
2740
2770
2860
2820
2700
2590
2640
2720
2870
2940
2820
2560
2510
2520
2530
2520
2600
2640
2550
2740
2580
2400
2440
2500
2580
2470
2440
2460
2510
2530
2540
2590
2630
2710
2790
2790
2780
2800
2760
2800
2950
3000
2990
3080
3080
3050
3010
2920
2760
2640
2570
2500
2510
2460
2440
2440
2430
2500
2540
2560
2430
2460
2600
2680
2800
2820
2800
2680
2660
2640
2600
3050
3760
3740
3400
3410
3500
3710
3710
3720
3290
2990
2920
2850
2910
2900
3080
3000
3010
3220
3690
6540
8500
6820
6620
6560
5710
5420
6780
6820
8080
8860
9840
9900
8410
7390
7190
8210
7840
7860
6900
6000
6900
7100
7290
7050
7220
8750
8110
7450
6920
6570
6460
6320
7560
8720
8410
8430
9150
11000
11600
10600
9530
8690
9240
8770
7950
7980
7990
9250
12000
13500
14400
12200
14600
21900
21600
17600
14800
15100
20400
26300
29000
28600
30500
31700
27100
25500
31200
46100
49100
49400
48200
45300
47200
50400
54300
52200
48400
43300
38200
33300
31500
37200
37200
32300
28100
25400
24600
25500
30400
32200
31200
29600
31400
40900
43800
36600
32200
32700
38100
37400
34500
35500
37300
40800
42700
43200
46900
47100
39100
35500
33000
35000
49700
58500
53600
45000
39800
39900
49500
55200
45400
35900
31900
30100
29500
30900
32300
33700
33400
31900
30100
28600
26800
24700
22500
20800
19600
18200
16100
16100
25300
26100
27300
26600
21400
17800
16400
16600
16000
15100
14800
14100
13600
13400
13200
12500
12000
11800
11600
11300
11200
11200
11100
11400
12200
13000
12000
12600
12200
11100
10500
10200
10100
9970
9800
9440
9250
9340
9560
9520
9530
9830
9610
9200
9000
9060
9140
8790
8620
8260
7390
6490
6250
6350
6130
6060
6200
6270
6350
6200
5580
5560
5580
5410
5240
5280
5300
5110
5080
5130
5170
5570
5860
5930
5730
5060
4570
5200
5580
5500
4590
4200
4840
4980
4750
4800
4970
5100
5230
5220
4860
4190
3950
3780
3710
3640
4290
4590
3810
3460
3430
4180
4580
4410
4200
3800
3570
3540
3960
4410
4350
3760
3220
3140
3120
3290
3370
3370
3340
3390
3450
3420
4020
4540
4520
4680
4640
4470
4170
4000
3940
3740
3490
3510
3630
3640
3540
3520
3480
3460
3340
3330
3340
3220
3190
3210
3310
3130
3060
3280
3590
3540
3550
3450
3330
3330
3420
3510
3450
3320
3300
3330
3280
3350
3050
2630
2620
2620
2560
2570
2570
2650
2490
2450
2640
2680
2690
2760
2730
2700
2480
2590
2580
2520
2550
2550
2620
2700
2680
2630
2750
2720
2720
2660
2530
2600
2720
2700
2760
2780
2820
2790
2630
2510
2650
3040
2960
2820
2940
2960
2950
3000
2990
3020
3030
3060
3220
3720
5890
6380
7880
10600
9600
7730
6190
5600
5280
5560
5740
5330
5090
5180
7450
9240
8900
6780
5820
5660
6290
6130
6320
9170
9780
8190
6710
6680
7760
8170
7720
9720
11700
10800
9240
7670
7350
7420
8310
9400
10400
11400
12300
12500
12700
13100
12500
12300
13000
12700
12900
15200
16300
19900
21300
19200
17200
15400
15700
17100
15900
15900
19700
27100
28600
28500
27700
26500
28000
28600
30400
32300
34600
36700
38700
35900
30900
29000
27500
25200
23500
28100
37800
46100
46000
39600
33000
27600
25700
30100
34900
34100
35900
36300
31600
28500
26900
25700
23900
22100
21200
19800
18700
16800
16800
16300
14600
16500
24800
21200
17700
17700
17700
19200
26400
28400
26700
26000
28600
32300
30400
28300
26600
26700
27600
26500
26200
27400
28800
26300
23700
23400
27200
30200
29700
29800
30100
28300
25800
24000
23300
26000
25000
29300
31600
25600
19100
16800
18100
19100
18800
19900
25900
21200
16300
14100
12800
13000
14700
15300
13200
12200
13500
17000
17300
15300
13400
12200
12000
12300
12500
12400
12900
12400
12500
14100
14800
15300
14600
13200
12900
12800
11500
11900
10900
11600
11100
11200
10400
10800
11900
10400
10200
10700
11600
12300
12200
12100
11300
10700
10400
9930
9510
9120
8710
8520
8600
8570
9130
9600
9290
9320
9280
9220
8970
8880
9100
8670
8710
8370
7590
6290
6130
6040
5800
5910
5520
5290
5280
5320
5170
5020
5160
5010
5130
5390
5070
4860
4840
4740
4910
4780
4490
4440
4440
4360
4160
4160
4270
4150
4180
4340
4480
4250
3990
3770
3770
3660
3610
3640
3670
3760
3690
3560
3510
3550
3560
3580
3760
3760
3590
3610
3630
3570
3560
3510
3510
3690
3710
3680
3870
3780
3650
3740
3770
3860
3660
3470
3620
3560
3440
3370
3230
3160
3270
3330
3430
3490
3610
3530
3320
3310
3310
3530
3370
3310
3530
3630
4120
4500
4240
3870
3870
3640
3610
3800
3930
3920
3830
3890
4190
4450
4910
5100
4790
4530
4520
4570
4580
4650
4390
4190
3990
4120
4000
4250
4320
4020
3810
3860
3740
3850
3760
3830
4040
6930
9070
7800
6740
6230
5990
6070
6300
6930
7550
6770
5840
5690
5790
5280
5000
5000
4960
5070
5420
5500
5290
4930
5150
5430
5530
5340
5280
5220
5500
5310
5000
4530
4480
5000
5660
6260
6680
6250
5590
5340
5310
5470
5340
5440
5720
5910
5750
5750
5190
5620
6800
7400
7900
8460
9040
9040
9690
10100
10300
9660
10500
16700
14700
16600
17800
15900
15200
15400
15900
16000
17600
19600
19300
17900
17200
17400
17400
16700
16500
16500
16200
19200
20400
19200
22100
30200
33200
29300
25000
26000
30600
34700
32600
27000
23500
23100
25200
26700
26300
24500
31300
46200
51600
41900
31800
27400
26200
24200
21800
19500
16800
15200
14200
13400
12800
12800
12900
14000
13900
12100
11200
10500
10900
11800
11600
12600
18000
24600
22800
21800
25200
24400
22700
21300
20900
19900
28800
35500
30000
26700
26000
30300
31500
25300
21300
20700
21700
24000
25000
25000
24500
24200
24300
24800
25200
28600
27800
25500
23900
22800
23000
24700
25400
25500
24700
23200
21900
21000
20500
20100
20100
20400
20100
20200
21400
22800
22600
23300
22700
22900
24300
23200
19300
18400
16000
13600
13700
12900
11900
11200
12800
23900
24700
19200
16300
14400
13800
13000
11400
10700
10600
10400
10900
10700
10300
10400
10800
10600
11200
11700
11600
11200
10600
9590
8990
8160
7640
7480
7450
7200
6900
7080
7130
7180
6990
6850
6770
6590
6500
6380
6490
6710
6560
6720
6470
6120
5920
5740
5620
5650
5660
5600
5480
5490
5440
5420
5400
5290
5200
5180
5040
4900
4960
5170
5060
5110
5170
5120
5100
4950
4710
4640
4560
4520
4460
4410
4310
4070
4070
4110
4090
4080
3990
4040
3800
3580
3700
3970
3980
3990
3780
3810
3790
3810
3920
3770
3800
3790
3830
3630
3560
3540
3590
3620
3300
3130
3160
3240
3290
3230
3300
3350
3360
3430
3380
3330
3320
3270
3320
3360
3300
3240
3320
3250
3260
3310
3410
3640
3570
3560
3420
3290
3240
3370
3290
3280
3340
3250
3350
3360
3330
3370
3410
3400
3350
3390
3370
3380
3240
3200
3130
3130
3180
3280
3310
3280
3200
3200
3140
3170
3140
3220
3180
3180
3140
3210
3230
3200
3290
3350
3360
3560
3540
3600
3540
3460
3330
3470
4290
4730
4150
3760
3560
3500
3660
3680
3860
3800
3500
3390
3300
3180
3260
4040
5330
5220
4670
4540
4280
4590
5050
5950
9440
9800
7380
6220
5600
5650
6430
7440
8870
10400
8350
6660
6000
5550
5280
5520
5760
5760
5190
5040
4640
4260
4510
4830
4840
5500
6180
6530
6360
6480
6900
7150
8410
12300
13800
12900
11700
12700
13600
14700
13800
14300
15800
15300
14700
13400
13300
15200
17000
16500
15800
16700
17200
16200
15800
18500
18900
18400
19500
23900
28500
27900
26000
26400
25900
22400
17800
14700
15000
18000
15900
13100
13700
14100
13500
12300
11200
10800
10700
10200
10100
9430
9320
9230
8520
8470
10800
11800
15600
23900
19200
17900
17400
17900
18000
16900
15600
14400
13700
13500
15100
13100
11800
16600
18800
18900
19700
18200
20800
25800
24800
36200
37500
29400
24600
22700
21800
21200
20400
20600
23100
26200
28000
31000
33500
35500
41100
42000
37500
32800
30800
30200
28800
26100
24400
23400
23300
23300
22900
23100
25900
26000
31900
37900
37600
32800
29700
32200
34700
31600
27500
25500
25800
26000
24800
24200
22400
21900
21500
20200
18800
18500
17700
16300
15400
15100
14600
14000
13800
13800
13600
13100
13100
12500
11800
11800
11700
11100
11100
13300
13900
12900
12100
11300
10700
10500
10500
10700
11400
12000
11500
10400
9910
9660
9180
9020
8700
8160
7600
7820
7760
7750
7390
7520
7410
7300
7220
6930
6720
6650
6330
6180
6080
6030
5900
5670
5560
5560
5480
5670
5610
5570
5540
5600
5560
5430
5490
5650
5570
5630
5330
5130
5070
5050
4990
4880
4900
4800
4530
4760
4660
4540
4460
4470
4580
4420
4280
4190
4150
4020
3910
3970
3930
3910
3930
3940
4270
4450
4160
4000
3800
3610
3610
3670
3770
3910
3870
3900
3860
3720
3710
3760
3780
3910
4010
3950
3930
3990
3920
4030
4040
3880
3970
3860
3580
3460
3460
3410
3300
3190
3190
3220
3370
3260
3300
3260
3280
3430
3480
3410
3430
3390
3290
3420
3450
3410
3290
3330
3350
3470
3630
3530
3330
3280
3460
3590
3660
3660
4400
4620
4600
4930
4560
4390
4110
3910
3720
3720
3830
3750
3640
3650
3690
3570
3550
3650
3450
3540
3440
3520
3900
4010
4100
3820
3770
3820
3980
3920
3780
3640
3770
4620
4840
4710
4510
4150
4320
4480
5370
5630
5180
5280
5770
5640
5630
5670
5360
5070
5400
5660
6840
9680
9310
7920
7330
7450
7130
9990
13200
11800
9660
8350
7960
9150
10400
9810
9200
9410
9880
9670
9180
8660
9190
9440
9130
9180
10400
10500
9930
9730
9540
12700
13400
16100
24200
24300
22500
18900
27900
28200
21800
16800
14900
13700
15000
15200
14500
15600
23200
27500
20600
15700
16100
19800
22400
18800
14800
13100
13600
14600
17700
19000
19000
21200
21000
20200
21000
20700
19900
18600
16900
15200
14400
14700
13400
12700
12000
12500
12500
13700
15600
16300
18300
19600
19600
18600
17700
24000
29900
24700
22400
21400
20000
18900
17400
25900
34900
30100
31400
37500
37000
34700
35000
35200
34700
32200
31400
30400
25900
21600
18200
19800
19600
17200
16000
15200
14200
13100
12600
12000
11000
10500
10000
9700
9320
9110
9260
9530
9260
8760
8720
9850
11000
10200
9700
9920
9650
9420
9300
9740
10900
10400
10100
9700
9650
9670
10000
9890
9470
9380
9730
10200
9940
11100
11800
10900
10300
9530
9120
8960
9070
8620
8200
8140
7850
7840
7870
8100
10000
10100
9110
8760
8550
8070
7680
7560
7130
6900
6820
6720
6860
7830
7940
7260
6640
6380
6260
6110
5840
5730
5710
5590
5670
5570
5340
5500
5430
5410
5350
5240
5830
5930
5750
5740
5550
5440
5430
5380
5220
4620
4580
4290
4110
4040
3950
3880
3970
4050
4050
4000
3920
3770
3680
3660
3680
3590
3540
3460
3530
3510
3410
3520
3390
3630
3680
3660
3670
3600
3460
3700
3650
3680
3500
3560
3650
3490
3550
3720
3710
3850
3770
3700
3590
3550
3620
3550
3540
3470
3410
3350
3360
3220
3260
3120
3110
3080
3240
3330
3060
2880
2870
2810
2730
2650
2600
2710
2650
2560
2590
2600
2580
2580
2680
2780
2860
3030
3200
3120
3020
3130
3030
3120
3010
2800
2650
2690
2700
2520
2450
2560
2750
2660
2650
2890
2840
2900
2870
2880
2820
2840
2690
2680
2760
2760
2910
3000
3040
2970
3130
3230
3180
3290
3150
3050
2820
2850
2740
2680
2710
2820
2780
2670
2560
2920
2880
3130
3140
3020
3040
3210
3120
3160
3300
3730
4680
4410
3920
3760
3640
3640
3550
3360
3260
3360
3640
3810
3810
4020
3790
3780
3930
4130
4060
3800
4230
4640
4490
5050
5950
5440
5260
4860
4580
4900
5000
5900
5830
5630
5540
5960
7510
7840
7640
7010
7120
7050
7570
8400
7900
8730
8050
7670
8860
9470
9230
9770
11600
12700
12600
13400
15000
15600
15100
15100
14400
13800
12500
11700
11800
12300
12400
13900
16700
17200
17700
21700
19700
20000
20400
19800
20600
20500
24100
29900
30700
27300
24400
24200
26200
26700
24600
25400
27300
29700
24600
21600
23000
33700
30500
28600
29100
22400
17500
16500
17100
16800
16400
16400
18000
20900
19300
17300
16800
17600
20100
21900
18500
16500
16700
15100
14100
20400
21600
20500
18500
18200
19200
22100
20900
19800
18800
17900
18200
21600
24600
25000
23200
22900
22100
20200
19200
25500
38800
46000
46500
39000
29200
25900
25100
30100
38600
34700
28900
26300
25400
25400
24700
23100
22600
22200
22700
23600
28100
31200
27100
23700
22000
21600
20800
19000
16700
15400
14800
14200
18100
22500
20800
18900
17500
16300
15300
14500
13400
12200
11700
12600
12500
12500
11700
11200
10600
9950
9920
9620
9810
9640
9440
9080
8860
8650
8650
8610
8350
8040
8210
8050
7770
7560
7360
7240
7130
7270
7730
7480
7340
7490
7280
6850
6540
6740
6560
6240
6290
5920
5650
5660
5680
5520
5370
5280
5460
5690
5860
5920
5440
4990
4890
5210
5090
5380
5100
5110
5190
5370
5260
5400
5160
5110
4870
4750
4740
4660
4600
4600
4620
4440
4460
4140
3970
3990
3740
3870
3830
3790
3730
3700
3690
3580
3670
3690
3690
3820
3790
3700
3770
3810
3670
3560
3590
3670
3660
3740
3740
3840
3830
3830
3640
3440
3390
3100
2990
2990
2970
3190
3250
3360
3480
3380
3500
3720
3600
3790
3670
3740
3730
3690
3730
3660
3720
3660
3430
3230
3350
3500
3430
3320
3310
3380
3300
3340
3540
3610
3610
3610
3630
3620
3930
4460
4810
4690
4470
4470
4300
4370
4470
4400
4190
4180
4150
4220
3800
3620
3390
3260
3480
3640
3710
3750
4060
4110
4280
4680
5070
5100
5080
5090
5220
5150
5250
5370
4750
4680
5950
6760
6600
5920
5510
5540
5350
6330
7560
7270
6520
6000
5630
5650
5680
5420
5540
5760
6620
6530
6040
6460
6770
6660
7400
9830
10900
9640
8330
7100
6570
5680
5630
7200
6380
6510
6660
6710
6790
6850
6490
7040
10600
10500
8630
7680
7350
7370
7090
7500
7250
9120
10600
14500
13600
12200
10700
9900
12800
13300
12500
12100
11200
10100
9780
10800
12600
15200
20700
18800
16900
16900
18300
19000
16300
14400
13400
13100
13400
13100
13500
14000
14400
14500
15500
19300
23500
21400
18600
17600
17800
16400
15500
15800
19600
20900
19400
18800
18600
18500
17100
17800
19500
18800
18400
17800
17600
17000
17400
17200
16600
17700
18500
18400
18000
19600
19300
19600
21200
23200
22200
21600
22600
21000
18700
17300
17100
17000
18100
17200
15400
14600
17200
14800
13200
12900
12300
12400
13200
14300
16000
17200
18800
18800
18400
18100
18100
18000
18600
20000
35000
53700
57000
48900
38100
31700
27400
24400
23300
22500
21000
20300
18900
17200
16600
17300
16200
17900
17100
16100
15900
15600
15000
14800
15100
15100
15600
18700
22400
20700
19000
18100
17400
17200
16700
16000
15500
15000
14600
13800
13200
13500
12800
12600
12600
12500
12500
12100
11400
11300
11000
10800
11300
11200
10900
10300
9850
9230
9070
8770
8670
8470
8130
8190
7970
7680
7540
7700
8710
9080
8160
8170
8370
8100
7960
7470
7280
7040
7090
6840
6630
6650
6840
7780
8590
7870
7140
6760
6810
6420
6360
6250
6220
6570
6380
5940
5620
5390
5310
5380
5210
4780
4700
4630
4690
4620
4620
4160
4050
4490
4350
4250
4340
4190
4200
4760
4540
4270
4640
4640
4330
4210
4470
4440
4320
4430
4200
3980
3990
4120
4390
4680
4450
4340
4360
4240
4230
4180
4370
4310
4230
4400
4270
3990
3920
3980
4090
3910
3860
3760
3680
3620
3790
3960
3850
3970
3850
3770
3750
3600
3440
3310
3520
3490
3360
3440
3530
3630
3700
4050
4660
4470
4330
4160
3990
3770
3750
3960
4170
4300
4520
4630
5030
4980
4770
4340
4120
4200
4300
4540
5040
5080
4820
4730
4780
4950
4980
4820
4430
4040
4180
4270
4530
4900
4830
4880
4850
4900
4620
4730
4940
4850
4600
4520
4500
4440
4550
5670
7430
7350
6690
6010
5560
5420
5480
5210
5020
4870
4940
5080
5240
5110
5270
6130
7390
6960
5740
5600
5990
6420
7550
8550
8810
11000
10300
9610
8700
7960
7460
7340
7340
7530
7640
7640
7960
8070
8530
8970
8840
9210
9320
12000
10800
10200
13100
12100
10700
14600
16900
14400
17000
18300
15500
16200
14300
13900
13800
12800
14700
14700
14200
12500
11400
11000
10800
10900
11900
12100
12700
12500
12000
11600
11100
12100
14000
16500
17400
15800
15300
15700
17500
19000
22000
27500
25000
23300
26200
33400
41000
37300
29600
23000
20100
18300
19400
21100
20600
22200
32000
47200
40900
31700
25800
22800
22200
21000
21100
23200
27200
29200
27800
24400
24200
27000
27500
23900
23800
23300
23700
31900
38100
43200
41700
40400
40700
40000
37800
33900
31300
31600
39100
39600
33000
27500
25000
24100
24500
26800
35100
40100
36400
31000
28300
26800
25300
23000
21800
23000
23900
23800
23400
22900
21200
19700
18900
17700
16200
15000
13400
12300
13100
13400
14400
15500
14300
14000
15300
17000
18300
20100
20100
19100
19600
23600
30100
30300
23900
20200
19300
19800
19100
17500
16200
15100
13900
13300
13300
13600
12600
11900
11700
11500
11100
11600
12400
12300
12500
12400
12400
11900
11600
11200
10300
9710
9700
9240
8740
8680
8590
8120
7980
7650
7160
7030
6830
6720
6550
6380
6920
7370
8170
8890
8340
7850
7380
7230
6880
6700
6290
5900
5750
5790
5830
5910
5750
5440
5440
5400
5400
5270
5170
5040
4980
5050
4950
4870
4840
4920
4850
4970
4850
4630
4500
4360
4340
4430
4360
4190
4200
4060
4020
3850
4140
4260
4100
4000
3770
3830
4190
4530
4630
4610
4570
4310
4370
4360
4420
4430
4300
4030
4070
4160
4040
4080
4120
4470
4710
4520
4410
4230
4070
4090
3950
3890
3720
3540
3600
3540
3520
3600
3660
3700
3670
3600
3900
3940
4000
3790
3480
3710
3750
4120
4140
4500
4700
4580
4510
4480
4630
4490
4430
4180
4350
4930
5200
5200
4800
4880
4870
4440
4440
4460
4450
4480
4840
5750
6410
6210
5320
4940
5090
4780
4520
4520
4340
4250
4280
4130
4200
4170
4170
4640
4540
4220
4100
4040
4140
4350
4130
3790
3670
3890
4180
4400
4410
4080
3890
3920
4210
4240
4120
3980
4030
3880
3730
3640
3910
4280
4360
4360
4590
4990
4820
4860
4900
5060
5110
4680
4790
5130
4920
5310
7340
7980
8970
8890
10600
11000
10600
8860
7640
7260
7270
7200
6490
5850
7140
8350
7060
7800
6670
6070
6090
7220
6880
6410
6720
8850
11100
10600
10400
10500
11200
11400
11800
12300
11300
11200
11500
11600
11700
11500
10900
10400
11300
11800
12000
11900
11600
11900
12400
12300
12400
15100
16100
14700
15700
14900
14700
21800
22100
24900
28300
23300
19700
18700
18200
17700
17600
18100
17300
15600
14800
16200
16300
14100
12200
13600
17100
15200
13400
12200
11300
11000
10900
9950
9730
11000
10600
9590
9250
8450
8220
8070
7920
7830
7310
7300
7080
6720
6500
6640
6610
6830
8110
8120
8210
9700
8820
7700
7720
8190
9000
9340
10900
11700
11700
10700
10000
10300
11100
13000
18500
15600
12000
11600
11300
10800
10300
9550
9180
9510
9530
9980
10500
13700
13900
12600
11300
10300
9790
9440
9540
9930
10000
10100
11300
10400
10200
10100
10500
11000
12300
15700
17500
17100
16300
14600
13200
12600
12300
11800
11500
10700
10100
9880
10100
10100
10200
10000
10700
13500
12400
10800
9360
8270
8130
7790
7410
7370
7190
7060
6820
7270
8060
7450
6750
6790
6500
6210
5830
5520
5530
5530
5630
5500
5340
5250
5350
5400
5430
5650
5340
5390
5730
5850
5760
5730
5970
5630
5140
5070
5070
4990
4920
4830
4870
4860
4940
4730
4580
4380
4500
4320
4120
4200
4430
4220
4030
3940
3870
3980
3920
3910
3890
3810
3700
3730
3490
3550
3660
3840
3850
4190
4320
4340
4490
4390
4280
4230
4140
4120
4110
4160
4050
4070
3970
3890
3850
3830
4050
4060
3940
3720
3960
4200
4140
3810
3820
3720
3660
3600
3470
3520
3400
3470
3450
3380
3290
3340
3280
3250
3280
3190
3160
3140
3070
3070
2940
2870
2850
2740
2620
2640
2520
2490
2600
2640
2600
2640
2760
2760
2800
2720
2670
2930
3100
3180
3290
3410
3370
3390
3240
3410
3390
3280
3210
3200
3150
3210
3090
3210
3270
3050
2960
2980
2980
3000
3000
3130
3750
3820
3780
3650
3580
3610
3810
3980
3670
3740
3720
3680
3650
3500
3830
3930
3820
3470
3390
3280
3380
3260
3510
4350
4760
4760
5060
5280
5210
4760
4510
4370
4230
4640
4920
4310
4170
4610
4490
4440
4650
4880
4830
4580
4190
4570
6120
6360
6220
6300
6980
6740
6360
6690
7340
7190
6910
6440
6860
7490
7780
7810
7160
7160
7050
8450
8400
8910
10600
12000
12100
11400
10900
10600
10300
10600
11200
17700
22600
17900
14500
14400
12400
10800
10400
10200
10300
10900
12600
14000
14000
12000
11900
19500
23200
33400
37700
33100
26300
30000
24600
22400
18000
14500
13000
15700
26200
28200
32100
34700
30400
24900
21700
20800
22700
25400
25200
28100
33100
36100
30600
25200
26300
24500
22500
20900
18700
18200
20300
17800
15800
16600
21300
18900
16400
15200
15100
16300
15600
14300
13700
13100
12500
12300
13400
21400
25800
21900
18800
17900
18600
23200
30100
26600
21300
20000
18600
17700
18400
19500
21200
22900
21700
20300
22600
28200
29200
28900
30000
30000
26900
23000
19800
17500
16000
14700
13300
12900
12400
12100
11800
15500
17500
13900
13300
13300
13600
14000
13900
16000
15900
16600
15300
13300
12400
12100
12100
12000
11700
11200
11200
11100
11200
10800
10500
10300
10200
10500
9890
9410
9360
9820
9670
8980
8330
8240
7740
7470
7730
7230
7220
7210
6940
6690
6760
6720
6500
6290
6390
6430
6500
6060
5880
5800
5760
6030
5710
5540
5470
5200
5050
4820
4780
4620
4630
4810
4680
4630
4690
4540
4740
4470
4480
4690
4570
4480
4450
4480
4400
4430
4510
4590
4360
4240
4200
4200
4190
4450
4180
4240
4280
4370
4430
4350
4340
4100
4290
4310
4190
4460
4730
4730
4550
4410
4380
4240
4300
4190
4090
3800
3870
3700
3670
3770
3770
4060
4020
4380
4020
3910
3810
3900
3970
4060
3580
3470
3200
3210
3320
3370
3420
3500
3440
3390
3560
3610
3400
3430
3520
3540
3460
3590
3700
3930
3830
3820
3930
3970
4010
4220
4460
4600
4410
4170
4010
3710
3810
4220
3920
3630
3820
3990
4000
4080
4120
4280
4030
4040
4010
4100
4200
4320
4470
4560
4540
4800
5170
5250
5040
5150
5340
5830
5300
4950
5130
4910
4810
4900
5070
5080
4580
4600
4370
4100
3870
4190
4320
4380
4450
4580
4850
4540
4730
4890
5580
7790
10800
13000
11100
9390
7900
7360
8960
9290
8310
7050
6400
6690
7180
7280
7340
6580
5920
5950
6160
6080
5990
6060
6410
6720
7510
7480
6930
8230
9360
8420
8000
7780
7780
7960
7950
9140
10900
10900
11200
10800
10300
9720
8840
8420
8440
8240
8150
8670
8900
8870
9450
12000
13100
13300
16700
18200
16400
14200
13800
13800
13800
13600
13800
13600
13600
12800
12400
12400
12400
12500
16400
20900
18400
16700
19100
23200
22100
19100
16500
15900
15400
14300
13500
12700
13600
14800
16000
16900
17000
16500
19500
27700
27900
22600
18300
17400
17400
16400
15700
16100
15300
15200
16300
16800
15900
14800
14800
18800
27300
29400
30900
33400
28000
24400
27400
30900
29400
25700
22600
21300
21000
21100
23200
21400
19400
19400
19700
19400
19800
21800
23400
26000
25900
25400
24300
24400
24000
22700
20700
19700
20000
26200
33600
28100
20900
18200
17200
16700
17500
21100
21500
19000
17100
16300
15400
16500
20900
22800
30000
32300
28800
24000
20000
16500
15300
15200
15000
15300
15600
14300
14100
14500
13600
13400
13000
13100
12900
12400
11700
11200
10500
10700
10800
11000
11700
11400
10700
10000
10300
10700
11200
13700
17600
20900
23200
19800
17500
15400
15600
15700
14600
12900
11700
10800
10400
10100
9910
9680
9280
8910
8620
8270
7960
7730
7390
7230
7130
6940
6780
6600
6370
6320
6040
5740
5580
5480
5330
5190
5110
5020
4890
4680
4670
4650
4620
4630
4580
4580
4590
4590
4540
4560
4560
4520
4440
4430
4410
4370
4370
4290
4260
4160
4130
4210
4230
4270
4270
4270
4320
4360
4380
4400
4420
4420
4390
4330
4260
4270
4330
4280
4190
4210
4160
4150
4120
4160
4070
4060
4010
3960
3880
3800
3740
3660
3570
3520
3480
3500
3540
3650
3760
3850
3910
3940
3940
3950
3950
3950
3940
3930
3890
3850
3780
3710
3790
3850
3900
3920
3830
3730
3640
3630
3620
3610
3600
3600
3610
3620
3640
3660
3680
3710
3720
3750
3920
4080
4090
4110
4120
4050
3800
3660
3500
3360
3270
3220
3220
3240
3320
3420
3540
3440
3550
3570
3570
3690
4080
4080
4060
3870
3870
4100
4050
4100
4110
4140
4120
4210
4820
4890
4840
5230
5420
5480
5640
5540
5710
6330
6420
6320
6020
5790
6150
6310
6050
5880
6270
6220
6040
6210
6000
6020
6510
6630
6620
7150
8130
8280
8290
11000
9310
7470
7400
7550
7030
7460
7140
8470
8140
7070
6640
6730
7010
7060
6800
6060
6020
5930
5930
6130
6170
6900
8640
9290
9400
9040
8310
8020
7950
8010
7990
8010
8570
9780
11800
13900
12700
11100
10800
10600
11100
12800
15000
24400
25100
20500
17100
15300
14100
13800
13800
13600
13800
16300
20700
21300
26100
26600
26500
24800
24800
29700
32500
28100
22200
20400
18300
18900
21500
20200
17900
19900
22800
21500
20600
21800
34500
38700
45700
52600
52800
41200
30700
26400
25000
24500
22500
20900
20000
21300
23300
24200
25800
28700
29100
30700
28600
27800
28400
27300
25700
23700
24800
23300
25800
26800
22100
19800
18400
17000
15400
14400
13700
13400
13500
14300
14200
16400
19200
20700
26600
26700
21500
17000
14300
13400
14100
15500
15600
15000
14800
14500
14100
14900
16900
16200
16000
15100
13700
12300
11800
12400
13200
12400
11700
12000
12500
13200
13700
13500
13100
12500
11700
11100
11000
11300
11300
10700
10300
10100
10100
9980
9950
9940
9580
8680
8250
8990
8620
8610
7580
6490
6470
6440
6440
6440
5870
5600
5640
5630
5560
5550
5560
5610
5890
6160
6170
6170
6200
6270
5970
5520
5280
5130
5110
5090
5070
5010
4840
4660
4510
4470
4240
4070
4090
4160
4180
4120
4040
3940
3900
4010
4270
4490
4510
4490
4500
4480
4420
4370
4300
4200
4170
4060
4000
3950
3910
3860
3770
3710
3660
3620
3620
3600
3570
3580
3680
3840
3960
4200
4300
4330
4380
4370
4350
4310
4170
4020
3930
3850
3850
3870
3860
3760
3560
3440
3290
3200
3130
3070
3070
3090
3110
3140
3180
3200
3200
3070
2890
2770
2800
2830
2850
2850
2800
2780
2900
3050
3140
3110
3090
3080
3060
3050
3040
3060
3080
3090
3080
3040
3030
3000
2950
2950
2960
2960
3120
4170
4310
4140
4240
4100
3990
3910
3960
3860
3820
3600
3180
3210
3330
3120
2920
3200
3300
3270
3380
3200
3070
3070
3300
3300
3440
3350
3430
3600
3330
3490
3900
3980
3860
3850
3810
3880
3790
3590
3620
3670
3850
4020
4990
5390
5510
5690
5800
6560
6050
5900
6000
5870
6170
6530
6550
6200
7570
7760
7390
6830
5990
6870
7030
6960
7210
7440
8130
7850
7440
7350
7500
8200
7300
6940
6350
6470
6160
6330
6190
6360
6760
7730
9880
11300
11400
11100
10200
9980
10700
10900
11800
11600
12500
12100
11800
10900
10500
10200
10000
11300
18200
15800
13200
12600
16700
15700
15400
14100
13900
15000
15100
15700
14800
15300
15900
18700
25300
24700
19900
18200
20300
25600
26300
22000
20000
20400
20800
24500
40800
62400
59800
48700
33900
26400
25800
33000
40400
50000
48200
36500
27000
22400
19800
18200
17800
17100
17200
16800
16400
16200
15500
14100
13400
13200
12600
13300
17300
25400
22500
16600
14400
16200
28000
34400
46300
46800
34900
29600
27400
24600
23300
22800
22400
21700
20700
19700
19000
19100
20400
26300
29300
28100
27400
33000
32600
27200
22000
19800
19200
19100
19700
19700
19900
19300
18500
18500
18300
16100
14500
14100
14100
13800
13600
13500
13400
14000
14300
13700
13000
12400
12400
12400
12400
12400
12400
12300
12300
12100
11900
11800
12100
12400
12500
12500
12200
12000
11800
11600
11300
11100
10900
10500
10200
9910
9670
9670
9240
8710
8190
7820
7480
7150
6820
6480
6190
6100
6050
5990
5940
5880
5830
5770
5720
5670
5610
5550
5500
5450
5400
5340
5290
5240
5180
5110
5040
4960
4890
4810
4740
4670
4630
4590
4550
4510
4470
4430
4390
4360
4320
4330
4340
4350
4360
4360
4370
4380
4400
4440
4490
4530
4580
4620
4620
4460
4270
4150
4260
4390
4510
4510
4500
4500
4560
4620
4680
4740
4800
4860
4900
4900
4880
4860
4880
5020
5180
5310
5230
5120
5020
4950
4890
4840
4830
4830
4840
4840
4790
4510
4200
3890
3630
3600
3590
3570
3560
3540
3530
3580
3640
3700
3750
3760
3770
3790
3830
3880
3930
3970
4020
4070
4090
4010
3920
3870
4000
4140
4280
4420
4560
4700
4780
4570
4350
4120
3960
4050
4180
4300
4400
4400
4390
4370
4350
4320
4300
4350
4390
4440
4500
4610
4730
4850
4960
5030
4630
4580
4590
4550
4520
4470
4450
4480
4520
4560
4590
4590
4590
4590
4590
4580
4580
4570
4520
4250
4030
4140
4310
4470
4590
4540
4460
4380
4250
4200
4570
4950
5090
5580
5790
4720
4540
4180
4170
4670
5690
6810
8540
7600
6670
5970
6250
6370
5980
6340
5990
6540
7090
7620
8630
8340
7470
7020
7090
7100
7720
7620
7920
8430
8320
7350
7460
7880
7930
7890
8370
8340
7670
8360
9160
9320
8880
9110
10100
11800
13100
13800
12400
13100
21300
30000
25100
17900
15300
16400
16400
14400
13200
13000
13300
13400
15200
22000
24700
32300
29700
20100
15900
14700
13900
13900
13700
14400
14600
15300
16800
17800
18400
18200
17800
17400
16400
15600
14200
14200
14300
15000
21600
25400
24200
25000
20500
20200
30300
30900
21200
17100
16200
16200
16200
16000
15100
14200
13700
13100
13100
13300
13400
12800
14500
18000
16600
13300
12300
11500
11000
11200
11300
11200
11000
11000
11100
11100
11000
10800
10700
10700
12800
14800
12800
11100
10700
17800
23400
20600
14800
14900
26400
40400
41700
28100
15700
12200
10700
9850
9380
9020
9000
9310
9640
9890
9880
9840
9760
9500
9190
8940
8960
9000
9040
9260
10200
10900
10900
10900
10700
10100
9390
8730
8130
7800
7490
7180
6930
6760
6460
6410
6820
7270
7300
6690
7350
6900
6700
10600
16200
13100
12300
12900
11800
10000
8990
8170
7730
7450
7380
7300
7210
7180
7050
6660
5780
5050
5050
5040
5040
5030
4970
4720
4440
4240
4390
4590
4790
4990
5140
5090
5010
4920
4810
4690
4570
4450
4330
4240
4240
4250
4270
4280
4300
4320
4330
4330
4340
4340
4340
4350
4360
4410
4470
4530
4470
4440
4430
4430
4420
4410
4380
4340
4310
4280
4250
4210
4100
3990
3870
3760
3700
3840
3990
4150
4250
4190
4110
4030
3950
3890
3910
3940
3960
3970
3870
3750
3640
3530
3450
3380
3300
3240
3320
3410
3500
3590
3680
3750
3730
3700
3670
3640
3620
3590
3550
3510
3470
3420
3400
3490
3580
3670
3770
3860
3930
3950
3950
3960
3960
3900
3840
3780
3750
3860
3990
4120
4250
4340
4240
4120
4000
3880
3780
3800
3830
3860
3890
3910
3940
3960
3990
4020
4060
4200
4350
4480
4440
4360
4280
4200
4130
4150
4190
4220
4250
4280
4310
4340
4360
4380
4360
4350
4340
4320
4320
4350
4390
4430
4470
4510
4550
4630
4900
5180
5460
5710
5880
6040
6110
5800
5450
5180
5220
5280
5300
5600
6770
8590
10200
10800
10600
9060
7780
7390
7220
8120
9590
9600
9070
8780
9040
9680
9210
9300
14200
14200
12700
11000
10200
11500
13200
12500
11100
10800
10900
11200
11200
10600
10400
10400
10200
9680
9350
8990
9100
9560
9770
10000
11800
12900
12400
13200
13700
13700
14900
20100
28300
36400
34700
35400
45300
50500
40300
34300
39100
43700
42400
42200
34500
28100
23400
22300
26700
31200
35400
38300
34300
33700
53200
63200
51800
41900
36500
34400
35100
35000
32900
30600
31000
29600
25400
22300
20500
22400
25700
25500
22600
19800
18000
16200
15100
14800
16000
18300
17500
20300
22000
23100
21600
19300
16900
15300
15000
15900
16900
17500
18900
19700
28800
41000
47300
38100
26400
22900
21300
19300
18300
19500
24400
31300
33400
27500
22300
19600
19300
20200
21200
19700
17400
17600
18100
17900
17900
17200
16400
17300
18400
18500
18600
18800
19900
18600
19200
19800
20400
20700
20200
19800
18800
14200
13300
12800
12500
12200
12800
14500
15000
15000
13300
12200
11600
11100
10600
10300
10100
9820
9540
9120
8690
8290
8070
7880
7690
7560
7690
7840
8000
8050
7760
7440
7120
6770
6330
5880
5430
4980
4530
4180
4220
4310
4400
4480
4510
4530
4560
4580
4600
4640
4690
4730
4760
4790
4750
4700
4660
4600
4470
4330
4190
4050
3970
4120
4310
4500
4690
4830
4760
4680
4590
4510
4480
4450
4420
4400
4370
4350
4340
4320
4300
4260